id,alias,archimate_type,author,bron,created,datum_tijd_export,descr,domein_dcat,domein_gemma,gemma_guid,modified,name,name_oud,package_id,phase,status,stereotype,synoniemen,toelichting,uri,version,visibility
EAID_3BF6985C_06AB_4cfc_9A0E_5CC37C224245,,Data object,abrienen,,2019-12-18 13:52:42,28062023-11:06:06,Persoon waarmee communicatie plaatsvindt,,nan,id-3bf6985c-06ab-4cfc-9a0e-5cc37c224245,2022-12-12 16:28:10,Contact,Contact,EAPK_DB8BA49F_252E_4044_A93B_8215B6903827,1.0,Proposed,,,,,1.0,
EAID_5805FA72_C0CE_43c1_A53F_B81166AEFDD4,,Business object,abrienen,,2019-12-18 14:20:03,28062023-11:06:06,Gebouw waar je tegen betaling kunt logeren.,,nan,id-5805fa72-c0ce-43c1-a53f-b81166aefdd4,2022-12-12 16:28:11,Hotel,Hotel,EAPK_DB8BA49F_252E_4044_A93B_8215B6903827,1.0,Proposed,,,,,1.0,
EAID_669000E9_25D6_4346_B718_516CDB8B88B7,,Business object,abrienen,,2019-12-18 14:09:16,28062023-11:06:06,Verblijf in een hotel,,nan,id-669000e9-25d6-4346-b718-516cdb8b88b7,2022-12-12 16:28:11,Hotelbezoek,Hotelbezoek,EAPK_DB8BA49F_252E_4044_A93B_8215B6903827,1.0,Proposed,,,,,1.0,
EAID_8F05E7BA_E7ED_45d1_9626_C8D7FBDB2F1B,,Business object,abrienen,,2019-12-18 14:19:47,28062023-11:06:06,Locatie waar iets wordt verkocht,,nan,id-8f05e7ba-e7ed-45d1-9626-c8d7fbdb2f1b,2022-12-12 16:28:11,Verkooppunt,Verkooppunt,EAPK_DB8BA49F_252E_4044_A93B_8215B6903827,1.0,Proposed,,,,,1.0,
EAID_EB35F5B8_9289_49cc_8DF4_8BD20EC662A9,,Business object,abrienen,https://www.cbs.nl/nl-nl/onze-diensten/methoden/begrippen/werkgelegenheid,2019-12-18 14:08:27,28062023-11:06:06,"De vraag naar arbeid, te berekenen door de totale productie te delen door de arbeidsproductiviteit per persoon.",,nan,id-eb35f5b8-9289-49cc-8df4-8bd20ec662a9,2022-12-12 16:28:11,Werkgelegenheid,Werkgelegenheid,EAPK_DB8BA49F_252E_4044_A93B_8215B6903827,1.0,Proposed,,,,,1.0,
EAID_0EABA880_434F_41c3_A41D_0002222AAC2A,,Data object,abrienen,,2019-12-18 14:08:39,28062023-11:06:06,Gemeten oppervlakte in vierkante meters van een winkel,,nan,id-0eaba880-434f-41c3-a41d-0002222aac2a,2022-12-12 16:28:11,Winkelvloeroppervlak,Winkelvloeroppervlak,EAPK_DB8BA49F_252E_4044_A93B_8215B6903827,1.0,Proposed,,,,,1.0,
EAID_F1E55DC7_0F33_40ea_8713_2E1AC3D7EE8D,,Business object,Arjen Brienen,,2019-05-16 15:22:56,28062023-11:06:06,iemand die meedoet aan eencollege- of raadsvergadering,,nan,id-f1e55dc7-0f33-40ea-8713-2e1ac3d7ee8d,2022-12-12 16:28:11,AanwezigeDeelnemer,Aanwezige Deelnemer,EAPK_9EBFD9E7_BB04_45c9_97BB_426207B40292,1.0,Proposed,,,,,1.0,
EAID_73FB5212_40ED_40dc_B837_36588840445A,,Data object,Arjen Brienen,https://www.notuleercentrum.nl/service-voor-notulisten/woordenlijst-voor-notulisten,2019-05-16 11:55:17,28062023-11:06:06,Een onderwerp dat in de vergadering wordt behandeld.,,nan,id-73fb5212-40ed-40dc-b837-36588840445a,2022-12-12 16:28:11,Agendapunt,Agendapunt,EAPK_9EBFD9E7_BB04_45c9_97BB_426207B40292,1.0,Proposed,,,,,1.0,
EAID_B9B82B25_5D7F_4d2b_84F9_4DF74525EEAD,,Data object,Arjen Brienen,,2019-05-16 11:44:01,28062023-11:06:06,Categorie waarop leveranciers zich voor de levering van personeel voor kunnen kwalificeren,,nan,id-b9b82b25-5d7f-4d2b-84f9-4df74525eead,2022-12-12 16:28:11,Categorie,Categorie,EAPK_9EBFD9E7_BB04_45c9_97BB_426207B40292,1.0,Proposed,,,,,1.0,
EAID_7B9EDDFD_57F7_4ff2_938F_FDFA3B503DA8,,Business object,Arjen Brienen,,2019-05-16 11:26:04,28062023-11:06:06,Iemand die behoort het college van burgemeester en wethouders,,nan,id-7b9eddfd-57f7-4ff2-938f-fdfa3b503da8,2022-12-12 16:28:11,Collegelid,Collegelid,EAPK_9EBFD9E7_BB04_45c9_97BB_426207B40292,1.0,Proposed,,,,,1.0,
EAID_CB27D699_F82B_45ad_823A_B2B51BCAECBA,,Business object,Arjen Brienen,https://nl.wikipedia.org/wiki/Commissie,2019-05-16 11:10:04,28062023-11:06:06,Toine deze is voor jou,,nan,id-cb27d699-f82b-45ad-823a-b2b51bcaecba,2023-06-28 10:50:49,Commissie,Commissie,EAPK_9EBFD9E7_BB04_45c9_97BB_426207B40292,1.0,Proposed,,,,,1.0,
EAID_475E24C9_CC9A_49cc_AB80_8CA0221441E5,,Business object,Arjen Brienen,https://www.begrippenxl.nl/dso/nl/page/Dossier,2019-05-16 11:44:26,28062023-11:06:06,Samenhangende set gegevens en informatie voor een specifiek doel,,nan,id-475e24c9-cc9a-49cc-ab80-8ca0221441e5,2022-12-12 16:28:11,Dossier,Dossier,EAPK_9EBFD9E7_BB04_45c9_97BB_426207B40292,1.0,Proposed,,,,,1.0,
EAID_98CB3C6F_588B_479f_9A2B_F5D5362DD17C,,Business object,Arjen Brienen,,2019-05-16 11:10:22,28062023-11:06:06,Persoon die meldiing of aanvraag doet,,nan,id-98cb3c6f-588b-479f-9a2b-f5d5362dd17c,2022-12-12 16:28:11,Indiener,Indiener,EAPK_9EBFD9E7_BB04_45c9_97BB_426207B40292,1.0,Proposed,,,,,1.0,
EAID_CA56A59A_F855_4c19_89BE_578B12481EA0,,Data object,Arjen Brienen,,2019-05-16 11:44:13,28062023-11:06:06,"Een tijdelijke, flexibele organisatiestructuur, die is opgezet om de implementatie van een verzameling met elkaar samenhangende projecten en activiteiten te co√∂rdineren, te sturen en te controleren teneinde te zorgen voor de realisatie van de eindresultaten en benefits die zijn gerelateerd aan de strategische doelstellingen van de organisatie.",,nan,id-ca56a59a-f855-4c19-89be-578b12481ea0,2022-12-12 16:28:11,Programma,Programma,EAPK_9EBFD9E7_BB04_45c9_97BB_426207B40292,1.0,Proposed,,,,,1.0,
EAID_5772BEBB_97FA_42a9_B70D_DB55EAD6D1EE,,Business object,Arjen Brienen,,2019-05-16 11:09:46,28062023-11:06:06,Iemand die behoort de gemeenteraad,,nan,id-5772bebb-97fa-42a9-b70d-db55ead6d1ee,2022-12-12 16:28:11,Raadslid,Raadslid,EAPK_9EBFD9E7_BB04_45c9_97BB_426207B40292,1.0,Proposed,,,,,1.0,
EAID_440219A4_C64B_4eac_ADE5_E79ED6AA9BFE,,Business object,Arjen Brienen,,2019-05-16 11:06:43,28062023-11:06:06,Stuk dat door de gemeenteraad wordt behandeld,,nan,id-440219a4-c64b-4eac-ade5-e79ed6aa9bfe,2022-12-12 16:28:11,Raadsstuk,Raadsstuk,EAPK_9EBFD9E7_BB04_45c9_97BB_426207B40292,1.0,Proposed,,,,,1.0,
EAID_331C4A0B_1505_4945_A0B0_DCD8703AB50F,,Business object,Arjen Brienen,https://www.vandale.nl/gratis-woordenboek/nederlands/betekenis/stemmen,2019-05-16 15:41:33,28062023-11:06:06,"Stem (openbaring van iemands mening (voor of tegen)),  uitbrengen bij verkiezingen of bij een vergadering",,nan,id-331c4a0b-1505-4945-a0b0-dcd8703ab50f,2022-12-12 16:28:11,Stemming,Stemming,EAPK_9EBFD9E7_BB04_45c9_97BB_426207B40292,1.0,Proposed,,,,,1.0,
EAID_01E83CEC_D69D_47eb_9BAB_252AABADDD18,,Data object,Arjen Brienen,,2019-05-16 11:44:21,28062023-11:06:06,Een samenhangend geheel van activiteiten en taken en hangt onder een programma.,,nan,id-01e83cec-d69d-47eb-9bab-252aabaddd18,2022-12-12 16:28:11,Taakveld,Taakveld,EAPK_9EBFD9E7_BB04_45c9_97BB_426207B40292,1.0,Proposed,,,,,1.0,
EAID_257F4ABF_7CCD_453f_B2E8_5A6434383A9B,,Business object,Arjen Brienen,https://nl.wikipedia.org/wiki/Vergadering,2019-05-16 11:09:27,28062023-11:06:06,Een bijeenkomst van meerdere mensen (meestal van eenzelfde organisatie) die met elkaar spreken en/of afspraken maken over de gemeenschappelijke toekomst.,,nan,id-257f4abf-7ccd-453f-b2e8-5a6434383a9b,2022-12-12 16:28:11,Vergadering,Vergadering,EAPK_9EBFD9E7_BB04_45c9_97BB_426207B40292,1.0,Proposed,,,,,1.0,
EAID_07F40D10_74AC_4f56_8B71_A236A63C2122,,Business object,Arjen Brienen,,2019-10-08 14:25:36,28062023-11:06:06,Een aanvraag voor een leerling die recht heeft op vervoer van en naar onderwijs.,,nan,id-07f40d10-74ac-4f56-8b71-a236a63c2122,2022-12-12 16:28:24,AanvraagLeerlingenvervoer,Aanvraag Leerlingenvervoer,EAPK_6F2E0E52_6244_4227_B563_738DCF19E6C9,1.0,Proposed,,,,,1.0,
EAID_66E2B5BA_44A0_4fde_AE33_E211EE4832C2,,Business object,Arjen Brienen,,2019-10-08 13:41:08,28062023-11:06:06,Komt overeen met een VJV,,nan,id-66e2b5ba-44a0-4fde-ae33-e211ee4832c2,2022-12-12 16:28:24,AanvraagOfMelding,AanvraagOfMelding,EAPK_6F2E0E52_6244_4227_B563_738DCF19E6C9,1.0,Proposed,,,Via het Omgevingsloket kunnen initiatiefnemers een vergunningaanvraag of een melding indienen in het Digitaal Stelsel Omgevingswet (DSO). Duidelijke stappen en vragen leiden hen door dit proces. De overheid vertaalt hiervoor indieningsvereisten naar toepasbare regels voor het loket.,,1.0,
EAID_450F47A7_758F_400c_82EB_05535EBDD426,,Data object,Arjen Brienen,,2019-10-07 17:08:58,28062023-11:06:06,Vrijstelling van een aanvraag voor leerlingenvervoer,,nan,id-450f47a7-758f-400c-82eb-05535ebdd426,2022-12-12 16:28:24,AanvraagVrijstelling,Aanvraagvrijstelling,EAPK_6F2E0E52_6244_4227_B563_738DCF19E6C9,1.0,Proposed,,,,,1.0,
EAID_81870665_768C_4fb2_8A4F_A9CB7989C884,,Business object,Arjen Brienen,,2019-10-08 14:24:29,28062023-11:06:06,,,nan,id-81870665-768c-4fb2-8a4f-a9cb7989c884,2022-12-12 16:28:24,BeschikkingLeerlingenvervoer,Beschikking Leerlingenvervoer,EAPK_6F2E0E52_6244_4227_B563_738DCF19E6C9,1.0,Proposed,,,,,1.0,
EAID_B65280CD_3429_4966_AD2D_CB3EE76EE2E8,,Business object,Arjen Brienen,,2019-10-07 17:07:12,28062023-11:06:06,Selectie van een voorstelbare werkelijkheid (voorkeursvariant) uit een aantal mogelijke werkelijkheden (varianten) op basis van een verzameling van criteria.,,nan,id-b65280cd-3429-4966-ad2d-cb3ee76ee2e8,2022-12-12 16:28:24,Beslissing,Beslissing,EAPK_6F2E0E52_6244_4227_B563_738DCF19E6C9,1.0,Proposed,,Besluit,,,1.0,
EAID_90E49701_2A06_4669_9199_6FCFDFCA707A,,Business object,Arjen Brienen,,2019-10-07 17:09:13,28062023-11:06:06,,,nan,id-90e49701-2a06-4669-9199-6fcfdfca707a,2022-12-12 16:28:24,DoorgeleidingOM,Doorgeleiding OM,EAPK_6F2E0E52_6244_4227_B563_738DCF19E6C9,1.0,Proposed,,,,,1.0,
EAID_70E3C6AF_1117_4cfc_B61F_0D168010FFB9,,Business object,Arjen Brienen,,2019-10-07 17:25:07,28062023-11:06:06,"Jongeren van 12 tot 18 jaar die strafbare feiten plegen, zoals bijvoorbeeld: winkeldiefstal, vernieling, openbaar dronkenschap of oplichting kunnen naar Halt worden verwezen. In sommige gevallen is daarvoor toestemming nodig van het Openbaar Ministerie.",,nan,id-70e3c6af-1117-4cfc-b61f-0d168010ffb9,2022-12-12 16:28:24,HALTVerwijzing,HALT-verwijzing,EAPK_6F2E0E52_6244_4227_B563_738DCF19E6C9,1.0,Proposed,,,"Halt heeft de wettelijke taak om strafbaar gedrag onder jongeren van 12 tot 23 jaar aan te pakken, zonder dat jongere een strafblad krijgt. Halt legt een maatregel op aan jongeren die een strafbaar licht vergrijp hebben gepleegd. Dit is de zogeheten Halt-straf. Halt heeft de wettelijke taak om strafbaar gedrag onder jongeren van 12 tot 23 jaar aan te pakken, zonder dat jongere een strafblad krijgt. Halt legt een maatregel op aan jongeren die een strafbaar licht vergrijp hebben gepleegd. Dit is de zogeheten Halt-straf. Halt heeft de wettelijke taak om strafbaar gedrag onder jongeren van 12 tot 23 jaar aan te pakken, zonder dat jongere een strafblad krijgt. Halt legt een maatregel op aan jongeren die een strafbaar licht vergrijp hebben gepleegd. Dit is de zogeheten Halt-straf.",,1.0,
EAID_07FE66E8_8316_406b_A590_922C2E7B4305,,Business object,Arjen Brienen,,2019-10-17 11:16:59,28062023-11:06:06,Een uiting van ontevredenheid over het vervoer van leerlingen.,,nan,id-07fe66e8-8316-406b-a590-922c2e7b4305,2022-12-12 16:28:24,KlachtLeerlingenvervoer,Klacht Leerlingenvervoer,EAPK_6F2E0E52_6244_4227_B563_738DCF19E6C9,1.0,Proposed,,,,,1.0,
EAID_B369B374_F560_4ea6_9A8B_DBBCB4961EFF,,Business object,Arjen Brienen,,2018-05-28 16:47:00,28062023-11:06:06,Ambtenaar die toezicht houdt op de uitvoering van de leerplichtwet.,,nan,id-b369b374-f560-4ea6-9a8b-dbbcb4961eff,2022-12-12 16:28:24,Leerplichtambtenaar,Leerplichtambtenaar,EAPK_6F2E0E52_6244_4227_B563_738DCF19E6C9,1.0,Proposed,,,,,1.0,
EAID_697F1730_B439_4b35_8799_1B2E9AB04548,,Business object,crossover,,2018-05-04 14:58:20,28062023-11:06:06,,,nan,id-697f1730-b439-4b35-8799-1b2e9ab04548,2022-12-12 16:28:24,ProcesverbaalOnderwijs,Procesverbaal Onderwijs,EAPK_6F2E0E52_6244_4227_B563_738DCF19E6C9,1.0,Proposed,,,,,1.0,
EAID_E9DECE41_F7F5_49f1_94B5_63DE941F6094,,Data object,Arjen Brienen,,2019-10-07 17:08:43,28062023-11:06:06,"Een verzoek om toestemming te krijgen iets te doen, bijvoorbeeld vakantie of studie",,nan,id-e9dece41-f7f5-49f1-94b5-63de941f6094,2022-12-12 16:28:24,Verlofaanvraag,Verlofaanvraag,EAPK_6F2E0E52_6244_4227_B563_738DCF19E6C9,1.0,Proposed,,,,,1.0,
EAID_613E192A_D0F2_4e67_BE73_51C09197EE3D,,Business object,Arjen Brienen,,2019-10-17 11:24:55,28062023-11:06:06,"Degene die openbaar vervoer of besloten busvervoer verricht, niet in de hoedanigheid van bestuurder van een auto, bus, trein, metro, tram of een via een geleidesysteem voortbewogen voertuig.",,nan,id-613e192a-d0f2-4e67-be73-51c09197ee3d,2022-12-12 16:28:24,Vervoerder,Vervoerder,EAPK_6F2E0E52_6244_4227_B563_738DCF19E6C9,1.0,Proposed,,,,,1.0,
EAID_252C70B1_4E02_4033_B2B5_86F65496D7AB,,Data object,crossover,,2018-05-04 14:57:49,28062023-11:06:06,Een melding dat een leerling niet op school verschijnt. De school moet actie ondernemen naar de leerling (en zijn ouders). Een school moet het verzuim melden bij de gemeente. ,,nan,id-252c70b1-4e02-4033-b2b5-86f65496d7ab,2022-12-12 16:28:24,Verzuimmelding,Verzuimmelding,EAPK_6F2E0E52_6244_4227_B563_738DCF19E6C9,1.0,Proposed,,,,,1.0,
EAID_B8584CD2_A54A_4a59_82B6_A597A0864CFA,,Business object,crossover,,2018-05-04 14:58:11,28062023-11:06:06,,,nan,id-b8584cd2-a54a-4a59-82b6-a597a0864cfa,2022-12-12 16:28:24,Vrijstelling,Vrijstelling,EAPK_6F2E0E52_6244_4227_B563_738DCF19E6C9,1.0,Proposed,,,,,1.0,
EAID_7689A6B7_2A9E_42db_A028_E4601305DBFF,,Business object,Arjen Brienen,,2019-10-17 11:17:22,28062023-11:06:06,Een melding van een zieke leerling die recht heeft op vervoer van en naar onderwijs.,,nan,id-7689a6b7-2a9e-42db-a028-e4601305dbff,2022-12-12 16:28:25,ZiekmeldingLeerlingenvervoer,Ziekmelding Leerlingenvervoer,EAPK_6F2E0E52_6244_4227_B563_738DCF19E6C9,1.0,Proposed,,,,,1.0,
EAID_1E5BFA0A_588A_4610_AE53_6893D61E707A,,Data object,Arjen Brienen,,2020-02-13 14:50:32,28062023-11:06:06,"Komt overeen met een VJV

Bron: GEM_VJV (Distinct op REQ_ID)
ID: REQ_ID",,nan,id-1e5bfa0a-588a-4610-ae53-6893d61e707a,2022-12-12 16:28:11,AanvraagOfMelding,AanvraagOfMelding,EAPK_F02E1A98_4C66_444a_B20C_D4BA9AB6E121,1.0,Proposed,,,,,1.0,
EAID_3A686277_3FF1_46ee_99E1_AADA02C6BF46,,Business object,Arjen Brienen,,2020-02-13 14:50:33,28062023-11:06:06,Een NATUURLIJK PERSOON of een NIET-NATUURLIJK PERSOON,,nan,id-3a686277-3ff1-46ee-99e1-aada02c6bf46,2022-12-12 16:28:11,Rechtspersoon,RECHTSPERSOON,EAPK_F02E1A98_4C66_444a_B20C_D4BA9AB6E121,1.0,Proposed,,,,,1.0,
EAID_CFFD5F20_5FA9_4d93_AD34_6867D64A58B9,,Business object,crossover,http://lod.duo.nl/term/Inschrijving,2018-05-04 14:53:34,28062023-11:06:06,Deelname van iemand aan een opleiding bij een onderwijsinstelling.,,nan,id-cffd5f20-5fa9-4d93-ad34-6867d64a58b9,2022-12-12 16:28:11,Inschrijving,Inschrijving,EAPK_CD9BF007_85C6_4af9_B3F4_2CAB5BF26B5E,1.0,Proposed,,,,,1.0,
EAID_D7ECEB92_BE50_4e30_9F27_54A008BC75DF,,Business object,crossover,http://lod.duo.nl/term/Leerjaar,2018-05-04 15:34:24,28062023-11:06:06,Is de codering van het jaar of het niveau waarin de leerling onderwijs volgt.,,nan,id-d7eceb92-be50-4e30-9f27-54a008bc75df,2022-12-12 16:28:11,Leerjaar,Leerjaar,EAPK_CD9BF007_85C6_4af9_B3F4_2CAB5BF26B5E,1.0,Proposed,,,,,1.0,
EAID_266057AF_58BD_42e1_B4D5_16EB266B9B7A,,Business object,Arjen Brienen,http://purl.edustandaard.nl/concept/c2fe4842-8d68-4276-a2e7-f786830aa706,2018-05-28 16:42:46,28062023-11:06:06,"Mens die een opleiding volgt, heeft gevolgd of gaat volgen of opgaat of is opgegaan voor een toets. (Bron: KOI)",,nan,id-266057af-58bd-42e1-b4d5-16eb266b9b7a,2022-12-12 16:28:11,Leerling,Leerling,EAPK_CD9BF007_85C6_4af9_B3F4_2CAB5BF26B5E,1.0,Proposed,,Onderwijsvolger,,,1.0,
EAID_3119A4DB_BB23_4adc_98BD_82F2D7996C6B,,Data object,Arjen Brienen,,2018-06-20 11:36:50,28062023-11:06:06,De locatie beschrijft middels co√∂rdinaten de ruimtelijke dimensie of ruimtelijke afbakening van een regel of van een objecttype die in de regel beschreven wordt. (CIMOW),,nan,id-3119a4db-bb23-4adc-98bd-82f2d7996c6b,2022-12-12 16:28:11,Locatie,Locatie,EAPK_CD9BF007_85C6_4af9_B3F4_2CAB5BF26B5E,1.0,Proposed,,,,,1.0,
EAID_0E3DE26B_C535_4a03_98A4_8D36DC3D5297,,Business object,crossover,https://www.functiegebouwrijksoverheid.nl/mijn-loopbaan/loopbaanstappen,2018-05-04 15:00:18,28062023-11:06:06,"Een logische en ook uitdagende stap naar een volgende functie binnen dezelfde functiefamilie of een andere, op hetzelfde schaalniveau of op een schaalniveau hoger.",,nan,id-0e3de26b-c535-4a03-98a4-8d36dc3d5297,2022-12-12 16:28:11,Loopbaanstap,Loopbaanstap,EAPK_CD9BF007_85C6_4af9_B3F4_2CAB5BF26B5E,1.0,Proposed,,,,,1.0,
EAID_F47ACE79_C476_479f_A3A3_729E65AF3D32,,Business object,crossover,https://taxonomie.cbs.nl/vocab/id/2565,2018-05-04 14:59:08,28062023-11:06:06,"Loopbaan als leerling in het onderwijs; loopbaan als leerling op school; tijd die iemand als leerling heeft doorgebracht op school, vaak met de bijgedachte aan de daarbij opgedane kennis en ervaring; tijd die men schoolgegaan heeft; onderwijscarri√®re; schoolloopbaan; schoolcarri√®re; schooltijd; de schooljaren",,nan,id-f47ace79-c476-479f-a3a3-729e65af3d32,2022-12-12 16:28:11,Onderwijsloopbaan,Onderwijsloopbaan,EAPK_CD9BF007_85C6_4af9_B3F4_2CAB5BF26B5E,1.0,Proposed,,,,,1.0,
EAID_96AB51D0_52E5_4515_B21F_98B30C4B9C42,,Business object,Arjen Brienen,http://lod.duo.nl/term/Onderwijsniveau,2019-10-07 17:01:21,28062023-11:06:06,De hoogte van een soort onderwijs in relatie tot andere soorten onderwijs,,nan,id-96ab51d0-52e5-4515-b21f-98b30c4b9c42,2022-12-12 16:28:11,Onderwijsniveau,Onderwijsniveau,EAPK_CD9BF007_85C6_4af9_B3F4_2CAB5BF26B5E,1.0,Proposed,,,,,1.0,
EAID_8AF9FAE6_13D8_484d_97F5_2A3839BC8618,,Data object,crossover,,2018-05-04 15:36:13,28062023-11:06:06,Typologie voor onderwijs,,nan,id-8af9fae6-13d8-484d-97f5-2a3839bc8618,2022-12-12 16:28:11,Onderwijssoort,Onderwijssoort,EAPK_CD9BF007_85C6_4af9_B3F4_2CAB5BF26B5E,1.0,Proposed,,,,,1.0,
EAID_51C8E3DF_FFF4_4a20_9CB2_AA5FA50579E2,,Data object,Arjen Brienen,,2018-05-28 16:44:50,28062023-11:06:06,,,nan,id-51c8e3df-fff4-4a20-9cb2-aa5fa50579e2,2022-12-12 16:28:11,OuderOfVerzorger,Ouder Of Verzorger,EAPK_CD9BF007_85C6_4af9_B3F4_2CAB5BF26B5E,1.0,Proposed,,,,,1.0,
EAID_32DFC5DD_79D9_45d5_8F9D_7D5125961817,,Business object,crossover,http://brt.basisregistraties.overheid.nl/id/begrip/School,2018-05-04 14:54:30,28062023-11:06:06,"Gebouw in gebruik voor basis, middelbaar of hoger onderwijs.",,nan,id-32dfc5dd-79d9-45d5-8f9d-7d5125961817,2022-12-12 16:28:11,School,School,EAPK_CD9BF007_85C6_4af9_B3F4_2CAB5BF26B5E,1.0,Proposed,,,,,1.0,
EAID_E8301577_1A49_43cf_A2CA_0F042584EBB3,,Business object,crossover,http://lod.duo.nl/term/Startkwalificatie,2018-05-04 14:57:13,28062023-11:06:06,Diploma van een opleiding als bedoeld in de WEB of een diploma hoger algemeen voortgezet onderwijs of voorbereidend wetenschappelijk onderwijs als bedoeld in de WVO;,,nan,id-e8301577-1a49-43cf-a2ca-0f042584ebb3,2022-12-12 16:28:11,Startkwalificatie,Startkwalificatie,EAPK_CD9BF007_85C6_4af9_B3F4_2CAB5BF26B5E,1.0,Proposed,,,,,1.0,
EAID_133AF611_9FA0_4a09_BF12_74C5FA5F6F60,,Business object,crossover,https://wetten.overheid.nl/BWBR0043632/2020-07-01,2018-05-04 14:53:46,28062023-11:06:06,Beeindiging van een inschrijving van een leerling bij een school,,nan,id-133af611-9fa0-4a09-bf12-74c5fa5f6f60,2022-12-12 16:28:11,Uitschrijving,Uitschrijving,EAPK_CD9BF007_85C6_4af9_B3F4_2CAB5BF26B5E,1.0,Proposed,,,,,1.0,
EAID_9EC6B40B_0C87_4453_B567_E0D3572F86AF,,Data object,Arjen Brienen,,2019-05-20 16:51:23,28062023-11:06:06,Categorie waarop leveranciers zich voor de levering van personeel voor kunnen kwalificeren,,nan,id-9ec6b40b-0c87-4453-b567-e0d3572f86af,2022-12-12 16:28:11,Categorie,Categorie,EAPK_02C80516_57F8_4cbe_A629_EC3CBBB8DD52,1.0,Proposed,,,,,1.0,
EAID_7D3D98F0_664C_4605_9D95_F68C88ECBA9A,,Business object,Arjen Brienen,https://www.begrippenxl.nl/VNG/nl/page/Container,2019-05-20 14:10:13,28062023-11:06:06,Container voor het gescheiden inzamelen van huishoudelijke afvalstoffen dwz afvalstoffen afkomstig uit particuliere huishoudens behoudens voor zover het ingezamelde bestanddelen van die afvalstoffen betreft die zijn aangewezen als gevaarlijke afvalstoffen,,nan,id-7d3d98f0-664c-4605-9d95-f68c88ecba9a,2022-12-12 16:28:11,Container,Container,EAPK_02C80516_57F8_4cbe_A629_EC3CBBB8DD52,1.0,Proposed,,,,,1.0,
EAID_0A7769C7_FE3E_45eb_A644_22E5CB207B42,,Data object,Arjen Brienen,,2019-05-20 14:12:39,28062023-11:06:06,Typologie van container,,nan,id-0a7769c7-fe3e-45eb-a644-22e5cb207b42,2022-12-12 16:28:11,Containertype,Containertype,EAPK_02C80516_57F8_4cbe_A629_EC3CBBB8DD52,1.0,Proposed,,,,,1.0,
EAID_80A7D18F_7C7E_4ee6_9F07_055559BCEF9F,,Business object,Arjen Brienen,https://www.aquo.nl/index.php/Id-c3eeba34-f660-4bab-8236-8ebb5d11f9e3,2019-05-20 14:09:37,28062023-11:06:06,"Onderdeel, deeltje",,nan,id-80a7d18f-7c7e-4ee6-9f07-055559bcef9f,2022-12-12 16:28:11,Fractie,Fractie,EAPK_02C80516_57F8_4cbe_A629_EC3CBBB8DD52,1.0,Proposed,,,,,1.0,
EAID_7F4E17A3_0EC2_4bee_B4E0_BFA26D653EB9,,Data object,Arjen Brienen,,2019-05-20 16:53:54,28062023-11:06:06,"Locaties die worden aangedaan tijdens het rijden van een route. Dit kunnen adressen zijn en/of GML-punten met een x- en y-coordinaat. Avalex hanteert op het moment van schrijven alleen adressen, ook voor de containers.",,nan,id-7f4e17a3-0ec2-4bee-b4e0-bfa26d653eb9,2022-12-12 16:28:11,Locatie,Locatie,EAPK_02C80516_57F8_4cbe_A629_EC3CBBB8DD52,1.0,Proposed,,,,,1.0,
EAID_8A02DCF5_E568_4d45_96A2_FD4FB53F414C,,Data object,Arjen Brienen,,2019-05-20 16:45:08,28062023-11:06:06,"De betekenisvolle formulering van een waargenomen feit, waaraan een waarde kan worden toegekend",,nan,id-8a02dcf5-e568-4d45-96a2-fd4fb53f414c,2022-12-12 16:28:11,Melding,Melding,EAPK_02C80516_57F8_4cbe_A629_EC3CBBB8DD52,1.0,Proposed,,,,,1.0,
EAID_1638F2AF_F1E8_4360_BA47_D975F2135168,,Business object,Arjen Brienen,http://brt.basisregistraties.overheid.nl/id/begrip/Milieustraat,2019-05-20 14:39:16,28062023-11:06:06,Een locatie die specifiek bestemd is voor het brengen van gescheiden huishoudelijk afval en grofvuil.,,nan,id-1638f2af-f1e8-4360-ba47-d975f2135168,2022-12-12 16:28:11,Milieustraat,Milieustraat,EAPK_02C80516_57F8_4cbe_A629_EC3CBBB8DD52,1.0,Proposed,,,,,1.0,
EAID_9079F098_1084_4484_ACCC_6C6C07043193,,Business object,Arjen Brienen,,2019-05-20 14:21:06,28062023-11:06:06,Een stop die een vuilniswagen maakt tijdens het doen van een rit. Bijgehouden wordt de gewichtstoename van de lading,,nan,id-9079f098-1084-4484-accc-6c6c07043193,2022-12-12 16:28:11,Ophaalmoment,Ophaalmoment,EAPK_02C80516_57F8_4cbe_A629_EC3CBBB8DD52,1.0,Proposed,,,,,1.0,
EAID_F6D7A83B_30BC_44f4_91E2_74C04DCE87AE,,Business object,Arjen Brienen,,2019-05-20 14:41:09,28062023-11:06:06,,,nan,id-f6d7a83b-30bc-44f4-91e2-74c04dce87ae,2022-12-12 16:28:11,Pas,Pas,EAPK_02C80516_57F8_4cbe_A629_EC3CBBB8DD52,1.0,Proposed,,,,,1.0,
EAID_21BBA828_AAE0_4785_9E44_45C1B866C882,,Business object,Arjen Brienen,https://nl.wikipedia.org/wiki/Prijsafspraak,2019-05-20 14:11:29,28062023-11:06:06,Overeenkomst tussen concurrenten met betrekking tot de prijs van goederen of diensten. ,,nan,id-21bba828-aae0-4785-9e44-45c1b866c882,2022-12-12 16:28:11,Prijsafspraak,Prijsafspraak,EAPK_02C80516_57F8_4cbe_A629_EC3CBBB8DD52,1.0,Proposed,,,,,1.0,
EAID_E79C6C20_3D05_49fb_96ED_105B5CD0ABA5,,Data object,Arjen Brienen,,2019-05-20 14:11:42,28062023-11:06:06,,,nan,id-e79c6c20-3d05-49fb-96ed-105b5cd0aba5,2022-12-12 16:28:11,Prijsregel,Prijsregel,EAPK_02C80516_57F8_4cbe_A629_EC3CBBB8DD52,1.0,Proposed,,,,,1.0,
EAID_832DA9A0_0E64_4d41_8266_38418B095919,,Business object,Arjen Brienen,http://www.rws.nl/abdl#DEF-1510,2019-05-20 14:20:08,28062023-11:06:06,Verplaatsing van een wegvoertuig over een wegpad,,nan,id-832da9a0-0e64-4d41-8266-38418b095919,2022-12-12 16:28:11,Rit,Rit,EAPK_02C80516_57F8_4cbe_A629_EC3CBBB8DD52,1.0,Proposed,,,,,1.0,
EAID_55A58838_3877_4e76_B5BF_26C68FAD463D,,Business object,Arjen Brienen,,2019-05-20 14:09:54,28062023-11:06:06,"Routes die gereden worden om bepaalde fracties vuilnis op te halen. Routes gaan langs locaties, waar afhankelijk van de routesoort een containers, bepaalde plekken of adressen worden aangedaan.
<ul>
 <li>huis-aan-huis: er worden locaties met adressen aangedaan</li>
 <li>illegale dumping, grofvuil: er worden locaties aangedaan (evt met adres)</li>
 <li>containters: er worden locaties met containers aangedaan</li>
</ul>",,nan,id-55a58838-3877-4e76-b5bf-26c68fad463d,2022-12-12 16:28:11,Route,Route,EAPK_02C80516_57F8_4cbe_A629_EC3CBBB8DD52,1.0,Proposed,,,,,1.0,
EAID_15910FE7_D323_45ff_AA7F_CE3C636CE953,,Business object,Arjen Brienen,,2019-05-20 14:41:00,28062023-11:06:06,"Activiteit, inhoudende a. het zich ontdoen van stoffen ",,nan,id-15910fe7-d323-45ff-aa7f-ce3c636ce953,2022-12-12 16:28:11,Storting,Storting,EAPK_02C80516_57F8_4cbe_A629_EC3CBBB8DD52,1.0,Proposed,,,,,1.0,
EAID_9A422266_783E_4f48_9B12_F442C1B22A45,,Business object,Arjen Brienen,https://data.cultureelerfgoed.nl/term/id/cht/5d84d0a2-ab29-42e5-b109-2f568a49f393,2019-05-20 14:10:41,28062023-11:06:06,Een vrachtwagen die gebruikt wordt om afval in te zamelen bij bedrijven en huishoudens (huisvuil),,nan,id-9a422266-783e-4f48-9b12-f442c1b22a45,2022-12-12 16:28:11,Vuilniswagen,Vuilniswagen,EAPK_02C80516_57F8_4cbe_A629_EC3CBBB8DD52,1.0,Proposed,,,,,1.0,
EAID_3650DB98_AC7B_46c0_A607_C54D69E38E42,,Business object,Arjen Brienen,,2019-05-22 11:05:47,28062023-11:06:06,Mate waarin een (afval)container gevuld is,,nan,id-3650db98-ac7b-46c0-a607-c54d69e38e42,2022-12-12 16:28:12,Vulgraadmeting,Vulgraadmeting,EAPK_02C80516_57F8_4cbe_A629_EC3CBBB8DD52,1.0,Proposed,,,,,1.0,
EAID_401EC4C0_809B_48F0_9646_0F646A8F1AE,,Business object,Arjen Brienen,,2018-10-02 09:57:43,28062023-11:06:06,Type put met de functie aansluitleidingen aansluiten,,nan,id-401ec4c0-809b-48f0-9646-0f646a8f1ae,2022-12-12 16:28:19,Aansluitput,Aansluitput,EAPK_C86EFE55_7DAA_4a8e_B35D_67FC3CAA59A8,1.0,Proposed,,,,,1.0,
EAID_58EF1415_6ACB_412B_9C3E_E390BB2AE3B,,Business object,Arjen Brienen,,2018-10-02 09:57:43,28062023-11:06:06,"Inzamelobject voor afval in de openbare ruimte dat handmatig kan worden leeggemaakt.
Toelichting: Inzamelobject voor afval in de openbare ruimte dat handmatig kan worden leeggemaakt.",,nan,id-58ef1415-6acb-412b-9c3e-e390bb2ae3b,2022-12-12 16:28:19,Afvalbak,Afvalbak,EAPK_C86EFE55_7DAA_4a8e_B35D_67FC3CAA59A8,1.0,Proposed,,,,,1.0,
EAID_6B54FE2F_9897_47DA_863C_5A931E89B2D,,Business object,Arjen Brienen,,2018-10-02 09:57:43,28062023-11:06:06,"Object met een permanent karakter dat dient om iets in te bergen of te verzamelen. (bron: definities.geostandaarden.nl)
Synoniemen: Bak",,nan,id-6b54fe2f-9897-47da-863c-5a931e89b2d,2022-12-12 16:28:19,Bak,Bak,EAPK_C86EFE55_7DAA_4a8e_B35D_67FC3CAA59A8,1.0,Proposed,,,,,1.0,
EAID_83F95133_4D59_4B1F_B5DD_6055DA2C007,,Business object,Arjen Brienen,,2018-10-02 09:57:43,28062023-11:06:06,"Aaneengesloten zitplaats voor verscheidene personen, bedoeld voor openbaar gebruik en geplaatst in de openbare ruimte (vnl. in parken, plantsoenen, bossen en langs wegen).",,nan,id-83f95133-4d59-4b1f-b5dd-6055da2c007,2022-12-12 16:28:19,Bank,Bank,EAPK_C86EFE55_7DAA_4a8e_B35D_67FC3CAA59A8,1.0,Proposed,,,,,1.0,
EAID_E060DC30_E4F2_4794_A16E_7207032E250,,Business object,Arjen Brienen,,2018-10-02 09:57:43,28062023-11:06:06,Verzamelobject - niveau 1,,nan,id-e060dc30-e4f2-4794-a16e-7207032e250,2022-12-12 16:28:19,Beheerobject,Beheerobject,EAPK_C86EFE55_7DAA_4a8e_B35D_67FC3CAA59A8,1.0,Proposed,,,,,1.0,
EAID_A1EE11DF_4EEA_409A_8E43_F108DC0BF96,,Business object,Arjen Brienen,,2018-10-02 09:57:43,28062023-11:06:06,"Een rioleringsgebied waaruit het afvalwater door een gemaal wordt verwijderd.
Toelichting: Een rioleringsgebied waaruit het afvalwater door een gemaal wordt verwijderd",,nan,id-a1ee11df-4eea-409a-8e43-f108dc0bf96,2022-12-12 16:28:19,Bemalingsgebied,Bemalingsgebied,EAPK_C86EFE55_7DAA_4a8e_B35D_67FC3CAA59A8,1.0,Proposed,,,,,1.0,
EAID_55C683B9_3F66_4E21_B0C1_66E664837CA,,Business object,Arjen Brienen,,2018-10-02 09:57:43,28062023-11:06:06,"Een gesloten reservoir waarin het afvalwater tijdelijk wordt opgevangen
Synoniemen: Retentiebassin, bufferbassin",,nan,id-55c683b9-3f66-4e21-b0c1-66e664837ca,2022-12-12 16:28:20,Bergingsbassin,Bergingsbassin,EAPK_C86EFE55_7DAA_4a8e_B35D_67FC3CAA59A8,1.0,Proposed,,,,,1.0,
EAID_83A942F7_5291_42F0_AFB1_9A57D0FB2F1,,Business object,Arjen Brienen,,2018-10-02 09:57:43,28062023-11:06:06,"Een houtachtig gewas (loofboom of conifeer) met een wortelgestel en een enkele, stevige, houtige stam, die zich boven de grond vertakt.
Toelichting: Een houtachtig gewas (loofboom of conifeer) met een wortelgestel en een enkele, stevige, houtige stam, die zich boven de grond vertakt.",,nan,id-83a942f7-5291-42f0-afb1-9a57d0fb2f1,2022-12-12 16:28:20,Boom,Boom,EAPK_C86EFE55_7DAA_4a8e_B35D_67FC3CAA59A8,1.0,Proposed,,,,,1.0,
EAID_40BD01ED_180A_4644_AB10_4C94C891A45,,Business object,Arjen Brienen,,2018-10-02 09:57:43,28062023-11:06:06,"Paneel waarop (statische) informatie wordt afgebeeld, verwoord in tekst, pictogram of code.",,nan,id-40bd01ed-180a-4644-ab10-4c94c891a45,2022-12-12 16:28:20,Bord,Bord,EAPK_C86EFE55_7DAA_4a8e_B35D_67FC3CAA59A8,1.0,Proposed,,,,,1.0,
EAID_FFA16BB2_FA5A_49F1_B3E8_794499B0278,,Business object,Arjen Brienen,,2018-10-02 09:57:43,28062023-11:06:06,"Met de aarde verbonden duurzaam bouwwerk, dat niet valt onder de definities van een pand of kunstwerk  (bron: definities.geostandaarden.nl)",,nan,id-ffa16bb2-fa5a-49f1-b3e8-794499b0278,2022-12-12 16:28:20,Bouwwerk,Bouwwerk,EAPK_C86EFE55_7DAA_4a8e_B35D_67FC3CAA59A8,1.0,Proposed,,,,,1.0,
EAID_B56B8C37_AA54_4266_B96B_C466946D1C3,,Business object,Arjen Brienen,,2018-10-02 09:57:43,28062023-11:06:06,"Kunstwerk over een waterweg, watergang of waterloop, bestaande uit een brugdek gesteund door pijlers en/of landhoofden.",,nan,id-b56b8c37-aa54-4266-b96b-c466946d1c3,2022-12-12 16:28:20,Brug,Brug,EAPK_C86EFE55_7DAA_4a8e_B35D_67FC3CAA59A8,1.0,Proposed,,,,,1.0,
EAID_01343EF1_EF8E_4FB1_9A58_8E885304D55,,Business object,Arjen Brienen,,2018-10-02 09:57:43,28062023-11:06:06,"Put welke toegang geeft naar een poreuze of geperforeerde buisleiding, aangebracht onder de grond om de afwatering van de grond te verbeteren.",,nan,id-01343ef1-ef8e-4fb1-9a58-8e885304d55,2022-12-12 16:28:20,Drainageput,Drainageput,EAPK_C86EFE55_7DAA_4a8e_B35D_67FC3CAA59A8,1.0,Proposed,,,,,1.0,
EAID_812B8374_F08E_47F6_881D_309B7D23FD4,,Business object,Arjen Brienen,,2018-10-02 09:57:43,28062023-11:06:06,"Wildwissel in de vorm van een viaduct voor passages van dieren over een weg of spoorweg. IMGeo
Synoniemen: Natuurbrug, Faunabrug, Ecobrug, Ecopassage, Natuurpassage
Toelichting: Opheffen van barriÃ¨res en de migratie van fauna mogelijk maken tussen of binnen leefgebieden en populaties.",,nan,id-812b8374-f08e-47f6-881d-309b7d23fd4,2022-12-12 16:28:20,Ecoduct,Ecoduct,EAPK_C86EFE55_7DAA_4a8e_B35D_67FC3CAA59A8,1.0,Proposed,,,,,1.0,
EAID_CA558CCA_4DF7_458A_B8BF_AEA0E428489,,Business object,Arjen Brienen,,2018-10-02 09:57:43,28062023-11:06:06,Een duurzaam verankerd rek in de openbare ruimte voor het stallen van fietsen,,nan,id-ca558cca-4df7-458a-b8bf-aea0e428489,2022-12-12 16:28:20,Fietsparkeervoorziening,Fietsparkeervoorziening,EAPK_C86EFE55_7DAA_4a8e_B35D_67FC3CAA59A8,1.0,Proposed,,,,,1.0,
EAID_6E949D6F_0A40_4BB7_B655_5EF4B8BBA4D,,Business object,Arjen Brienen,,2018-10-02 09:57:43,28062023-11:06:06,Put met een filterconstructie voor het onttrekken van grondwater. Kan ook beschouwd worden als een soort drainagevoorziening.,,nan,id-6e949d6f-0a40-4bb7-b655-5ef4b8bba4d,2022-12-12 16:28:20,Filterput,Filterput,EAPK_C86EFE55_7DAA_4a8e_B35D_67FC3CAA59A8,1.0,Proposed,,,,,1.0,
EAID_12F592F4_8E38_49B7_8DEF_F9B84A874BB,,Business object,Arjen Brienen,,2018-10-02 09:57:43,28062023-11:06:06,Kunstwerk in de vorm van een viaduct dat deel uitmaakt van een verkeersbaan en waarmee een verkeersstroom over twee of meer ongelijkvloerse verkeersstromen wordt geleid.,,nan,id-12f592f4-8e38-49b7-8def-f9b84a874bb,2022-12-12 16:28:20,Flyover,Flyover,EAPK_C86EFE55_7DAA_4a8e_B35D_67FC3CAA59A8,1.0,Proposed,,,,,1.0,
EAID_43DD67FD_75F0_4FE0_90F0_DB49048F14C,,Business object,Arjen Brienen,,2018-10-02 09:57:43,28062023-11:06:06,Begrensd en benoemd gebied dat door een functionele eenheid beschreven wordt.   (bron: definities.geostandaarden.nl),,nan,id-43dd67fd-75f0-4fe0-90f0-db49048f14c,2022-12-12 16:28:20,FunctioneelGebied,FunctioneelGebied,EAPK_C86EFE55_7DAA_4a8e_B35D_67FC3CAA59A8,1.0,Proposed,,,,,1.0,
EAID_DD64F32C_3273_4E23_9A61_FCC8EC93977,,Business object,Arjen Brienen,,2018-10-02 09:57:43,28062023-11:06:06,Een scheiding bedoeld om geluidshinder in de buitenlucht te verminderen. (IMGeo),,nan,id-dd64f32c-3273-4e23-9a61-fcc8ec93977,2022-12-12 16:28:20,Geluidsscherm,Geluidsscherm,EAPK_C86EFE55_7DAA_4a8e_B35D_67FC3CAA59A8,1.0,Proposed,,,,,1.0,
EAID_5D70E69A_2A35_4088_886E_32C0B07275C,,Business object,Arjen Brienen,,2018-10-02 09:57:43,28062023-11:06:06,Een constructie ten behoeve van het verplaatsen van waterÂ Â GWSW,,nan,id-5d70e69a-2a35-4088-886e-32c0b07275c,2022-12-12 16:28:20,Gemaal,Gemaal,EAPK_C86EFE55_7DAA_4a8e_B35D_67FC3CAA59A8,1.0,Proposed,,,,,1.0,
EAID_B4935E75_46CA_414D_949D_30A8B801FD5,,Business object,Arjen Brienen,,2018-10-02 09:57:43,28062023-11:06:06,"Kleinste functioneel onafhankelijk stukje van een terrein dat er binnen het objecttype Terrein van NEN 3610 wordt onderscheiden, met aaneengesloten vegetatie.",,nan,id-b4935e75-46ca-414d-949d-30a8b801fd5,2022-12-12 16:28:20,Groenobject,Groenobject,EAPK_C86EFE55_7DAA_4a8e_B35D_67FC3CAA59A8,1.0,Proposed,,,,,1.0,
EAID_D9ACE9BA_F13C_4EEB_8DD8_73A7E0043DB,,Business object,Arjen Brienen,,2018-10-02 09:57:43,28062023-11:06:06,"Een put met waterdoorlatende wanden bestemd voor de inzameling van hemelwater, waarbij het hemelwater door middel van infiltratie door de wanden kan worden afgevoerd",,nan,id-d9ace9ba-f13c-4eeb-8dd8-73a7e0043db,2022-12-12 16:28:20,Infiltratieput,Infiltratieput,EAPK_C86EFE55_7DAA_4a8e_B35D_67FC3CAA59A8,1.0,Proposed,,,,,1.0,
EAID_A143A97F_28C5_4B56_90F8_4773481A034,,Business object,Arjen Brienen,,2018-10-02 09:57:43,28062023-11:06:06,Samenhangend systeem dat een bepaald doel dient.,,nan,id-a143a97f-28c5-4b56-90f8-4773481a034,2022-12-12 16:28:20,Installatie,Installatie,EAPK_C86EFE55_7DAA_4a8e_B35D_67FC3CAA59A8,1.0,Proposed,,,,,1.0,
EAID_22C76A86_D969_464E_87CD_53466BD75FC,,Business object,Arjen Brienen,,2018-10-02 09:57:43,28062023-11:06:06,"Verticale wand ter scheiding van land en water, opgebouwd uit een muur van gemetselde stenen of gestort beton. (bron: definities.geostandaarden.nl)",,nan,id-22c76a86-d969-464e-87cd-53466bd75fc,2022-12-12 16:28:20,Kademuur,Kademuur,EAPK_C86EFE55_7DAA_4a8e_B35D_67FC3CAA59A8,1.0,Proposed,,,,,1.0,
EAID_E89ECEBE_796F_4CB7_9E9F_860EBC21B4B,,Business object,Arjen Brienen,,2018-10-02 09:57:43,28062023-11:06:06,Object met een permanent karakter dat dient om iets in te bergen en te beschermen.,,nan,id-e89ecebe-796f-4cb7-9e9f-860ebc21b4b,2022-12-12 16:28:20,Kast,Kast,EAPK_C86EFE55_7DAA_4a8e_B35D_67FC3CAA59A8,1.0,Proposed,,,,,1.0,
EAID_D629609F_088E_4504_99BB_C45F0EA633F,,Business object,Arjen Brienen,,2018-10-02 09:57:43,28062023-11:06:06,"Muur die door vorm, gewicht en fundering zonder verankering de grond keert, vaak van beton met L-vormige doorsnede.  Een keermuur of keerwand is een stijf, grond- of waterkerend kunstwerk dat door een groot gewicht en een brede voet een grote standzekerheid kan bereiken. Een keermuur is meestal van gewapend beton, maar er kan ook ander materiaal gebruikt worden. (IMGeo)
Synoniemen: Keerwand, klip",,nan,id-d629609f-088e-4504-99bb-c45f0ea633f,2022-12-12 16:28:20,Keermuur,Keermuur,EAPK_C86EFE55_7DAA_4a8e_B35D_67FC3CAA59A8,1.0,Proposed,,,,,1.0,
EAID_ABB1E33A_C934_4123_98B0_2D52349E456,,Business object,Arjen Brienen,,2018-10-02 09:57:43,28062023-11:06:06,"Plant met buigzame stengels die zich op diverse manieren aan muren, bomen of constructies hecht en zodoende omhoog klimt.
Toelichting: Plant met buigzame stengels die zich op diverse manieren aan muren, bomen of constructies hecht en zodoende omhoog klimt.",,nan,id-abb1e33a-c934-4123-98b0-2d52349e456,2022-12-12 16:28:20,Klimplant,Klimplant,EAPK_C86EFE55_7DAA_4a8e_B35D_67FC3CAA59A8,1.0,Proposed,,,,,1.0,
EAID_E6AFE8F7_95A7_4A0C_A6E8_F6D2091FB8B,,Business object,Arjen Brienen,,2018-10-02 09:57:43,28062023-11:06:06,"Een reservoir bestemd voor de opvang van hemelwater afkomstig van erop aangesloten oppervlakken, het laten bezinken van in dit water meegevoerde bezinkbare stoffen en de afvoer van dit water naar een rioolstelsel of naar de ondergrond.
Synoniemen: Afvoerput",,nan,id-e6afe8f7-95a7-4a0c-a6e8-f6d2091fb8b,2022-12-12 16:28:20,Kolk,Kolk,EAPK_C86EFE55_7DAA_4a8e_B35D_67FC3CAA59A8,1.0,Proposed,,,,,1.0,
EAID_71BCDE9D_88C2_4519_8105_028E40898AB,,Business object,Arjen Brienen,,2018-10-02 09:57:43,28062023-11:06:06,"Civiel-technisch werk voor de infrastructuur van wegen, water, spoorbanen, waterkeringen en/of leidingen en niet bedoeld voor permanent menselijk verblijf. http://definities.geostandaarden.nl",,nan,id-71bcde9d-88c2-4519-8105-028e40898ab,2022-12-12 16:28:20,Kunstwerk,Kunstwerk,EAPK_C86EFE55_7DAA_4a8e_B35D_67FC3CAA59A8,1.0,Proposed,,,,,1.0,
EAID_4223240C_8786_4D44_889E_9F54BA39A83,,Business object,Arjen Brienen,,2018-10-02 09:57:43,28062023-11:06:06,Een geheel van geleiders welke voorzien zijn van Ã©Ã©n ommanteling en bestemd is voor transport van materie GWSW,,nan,id-4223240c-8786-4d44-889e-9f54ba39a83,2022-12-12 16:28:20,Leiding,Leiding,EAPK_C86EFE55_7DAA_4a8e_B35D_67FC3CAA59A8,1.0,Proposed,,,,,1.0,
EAID_4C52CC53_82F2_4B54_AA5F_B75FA00E9FF,,Business object,Arjen Brienen,,2018-10-02 09:57:43,28062023-11:06:06,Een object dat bij een leiding behoort.,,nan,id-4c52cc53-82f2-4b54-aa5f-b75fa00e9ff,2022-12-12 16:28:21,Leidingelement,Leidingelement,EAPK_C86EFE55_7DAA_4a8e_B35D_67FC3CAA59A8,1.0,Proposed,,,,,1.0,
EAID_CDF116D4_B5B9_4D01_8A5B_4FFB08CEE00,,Business object,Arjen Brienen,,2018-10-02 09:57:43,28062023-11:06:06,"Draagconstructie, bestaande uit een verticale buispaal, die wordt gebruikt om iets op hoogte te brengen.",,nan,id-cdf116d4-b5b9-4d01-8a5b-4ffb08cee00,2022-12-12 16:28:21,Mast,Mast,EAPK_C86EFE55_7DAA_4a8e_B35D_67FC3CAA59A8,1.0,Proposed,,,,,1.0,
EAID_61526934_9D0C_4A07_8C5D_17F60E1A467,,Business object,Arjen Brienen,,2018-10-02 09:57:43,28062023-11:06:06,"De verzameling van ruimtelijke objecten ter inrichting van de openbare ruimte of terreinen.
Een ruimtelijk object ter inrichting van de openbare ruimte.",,nan,id-61526934-9d0c-4a07-8c5d-17f60e1a467,2022-12-12 16:28:21,Meubilair,Meubilair,EAPK_C86EFE55_7DAA_4a8e_B35D_67FC3CAA59A8,1.0,Proposed,,,,,1.0,
EAID_6B907CEB_2CBE_4886_9D3E_215F5D7E00A,,Business object,Arjen Brienen,,2018-10-02 09:57:43,28062023-11:06:06,"Onderdeel van een beweegbare of vaste verbinding tussen twee punten, die door water, een weg of anderszins gescheiden zijn, dat essentieel is voor de constructie .",,nan,id-6b907ceb-2cbe-4886-9d3e-215f5d7e00a,2022-12-12 16:28:21,Overbruggingsobject,Overbruggingsobject,EAPK_C86EFE55_7DAA_4a8e_B35D_67FC3CAA59A8,1.0,Proposed,,,,,1.0,
EAID_845EC5C5_7B96_4999_9659_5617436D269,,Business object,Arjen Brienen,,2018-10-02 09:57:43,28062023-11:06:06,Een constructie voorzien van een overstortdrempel met een ontworpen drempelbreedte en -hoogte.,,nan,id-845ec5c5-7b96-4999-9659-5617436d269,2022-12-12 16:28:21,Overstortconstructie,Overstortconstructie,EAPK_C86EFE55_7DAA_4a8e_B35D_67FC3CAA59A8,1.0,Proposed,,,,,1.0,
EAID_6B8DBBFB_03D7_4FD7_BBAB_3E7FBE60D97,,Business object,Arjen Brienen,,2018-10-02 09:57:43,28062023-11:06:06,"Langwerpig stuk hout, ijzer, steen enz., dat in de grond staat.",,nan,id-6b8dbbfb-03d7-4fd7-bbab-3e7fbe60d97,2022-12-12 16:28:21,Paal,Paal,EAPK_C86EFE55_7DAA_4a8e_B35D_67FC3CAA59A8,1.0,Proposed,,,,,1.0,
EAID_01E06F2E_E561_4D6E_8625_2D0F284BE88,,Business object,Arjen Brienen,,2018-10-02 09:57:43,28062023-11:06:06,Een technische installatie die het (afval) water onder druk transporteert.,,nan,id-01e06f2e-e561-4d6e-8625-2d0f284be88,2022-12-12 16:28:21,Pomp,Pomp,EAPK_C86EFE55_7DAA_4a8e_B35D_67FC3CAA59A8,1.0,Proposed,,,,,1.0,
EAID_B7168388_9EB9_4C95_B35E_1BA2660849E,,Data object,Arjen Brienen,,2018-10-02 09:57:43,28062023-11:06:06,"Verticale waterdichte constructie, toegepast om leidingen aan te sluiten, van richting of niveau te veranderen, om toegang te verschaffen aan personeel en/of apparatuur voor inspectie en onderhoud, en om beluchting en ventilatie mogelijk te maken",,nan,id-b7168388-9eb9-4c95-b35e-1ba2660849e,2022-12-12 16:28:21,Put,Put,EAPK_C86EFE55_7DAA_4a8e_B35D_67FC3CAA59A8,1.0,Proposed,,,,,1.0,
EAID_F111E740_26A6_477B_935D_CA5570D4FC8,,Business object,Arjen Brienen,,2018-10-02 09:57:43,28062023-11:06:06,"Deksel met als functie het afdekken van een put (GWSW). Dekt meestal de opening van een rioolput af, is meestal rond,  van zwaar metaal, soms van kunststof.",,nan,id-f111e740-26a6-477b-935d-ca5570d4fc8,2022-12-12 16:28:21,Putdeksel,Putdeksel,EAPK_C86EFE55_7DAA_4a8e_B35D_67FC3CAA59A8,1.0,Proposed,,,,,1.0,
EAID_3252585C_4FAB_4EC1_9BA6_F51EAFF271D,,Business object,Arjen Brienen,,2018-10-02 09:57:43,28062023-11:06:06,"Het gebied waarbinnen Ã©Ã©n of meerdere inliggende rioolstelsel(s) het afvalwater naar Ã©Ã©n gemaal of overnamepunt transporteert/teren. Een rioleringsgebied kan een enkelvoudig gebied zijn, maar kan ook meerdere rioleringsgebieden omvatten. Een gebied is zodanig gekozen dat het voldoende inzicht geeft in de belasting van oppervlaktewater en overnamepunt.
Toelichting: Het gebied waarbinnen Ã©Ã©n of meerdere inliggende rioolstelsel(s) het afvalwater naar Ã©Ã©n gemaal of overnamepunt transporteert/teren. Een rioleringsgebied kan een enkelvoudig gebied zijn, maar kan ook meerdere rioleringsgebieden omvatten. Een gebied is zodanig gekozen dat het voldoende inzicht geeft in de belasting van oppervlaktewater en overnamepunt.",,nan,id-3252585c-4fab-4ec1-9ba6-f51eaff271d,2022-12-12 16:28:21,Rioleringsgebied,Rioleringsgebied,EAPK_C86EFE55_7DAA_4a8e_B35D_67FC3CAA59A8,1.0,Proposed,,,,,1.0,
EAID_095ECF95_3717_43EC_BC36_8E23E692DEF,,Business object,Arjen Brienen,,2018-10-02 09:57:43,28062023-11:06:06,Constructie toegang gevend tot het rioolstelselÂ Â ,,nan,id-095ecf95-3717-43ec-bc36-8e23e692def,2022-12-12 16:28:21,Rioolput,Rioolput,EAPK_C86EFE55_7DAA_4a8e_B35D_67FC3CAA59A8,1.0,Proposed,,,,,1.0,
EAID_C538C222_0FA4_43EE_BF06_9512A484A57,,Business object,Arjen Brienen,,2018-10-02 09:57:43,28062023-11:06:06,"Kunstmatig, meestal lineair obstakel met een werende functie.",,nan,id-c538c222-0fa4-43ee-bf06-9512a484a57,2022-12-12 16:28:21,Scheiding,Scheiding,EAPK_C86EFE55_7DAA_4a8e_B35D_67FC3CAA59A8,1.0,Proposed,,,,,1.0,
EAID_4B32C511_77E9_4ABD_8C02_6F9F336A7A9,,Business object,Arjen Brienen,,2018-10-02 09:57:43,28062023-11:06:06,"Apparaat voor de meting van een fysieke grootheid (bijv. temperatuur, licht, druk, elektriciteit).",,nan,id-4b32c511-77e9-4abd-8c02-6f9f336a7a9,2022-12-12 16:28:21,Sensor,Sensor,EAPK_C86EFE55_7DAA_4a8e_B35D_67FC3CAA59A8,1.0,Proposed,,,,,1.0,
EAID_F349D291_F25B_4258_A008_00082F932BE,,Business object,Arjen Brienen,,2018-10-02 09:57:43,28062023-11:06:06,"Plant, heester of siergras, te beheren als solitair beplantingselement.",,nan,id-f349d291-f25b-4258-a008-00082f932be,2022-12-12 16:28:21,SolitairePlant,SolitairePlant,EAPK_C86EFE55_7DAA_4a8e_B35D_67FC3CAA59A8,1.0,Proposed,,,,,1.0,
EAID_941A17C1_A2B2_4CD1_8991_08B0EBCF0C2,,Business object,Arjen Brienen,,2018-10-02 09:57:43,28062023-11:06:06,"Geheel van begroeiing verharding opstallen en speelwerktuigen bedoeld als speelplaats voor kinderen.
Synoniemen: Speelplek, Speelgelegenheid",,nan,id-941a17c1-a2b2-4cd1-8991-08b0ebcf0c2,2022-12-12 16:28:21,Speelterrein,Speelterrein,EAPK_C86EFE55_7DAA_4a8e_B35D_67FC3CAA59A8,1.0,Proposed,,,,,1.0,
EAID_4EFB3A19_E491_469F_AA96_DEBED9C1BE4,,Business object,Arjen Brienen,,2018-10-02 09:57:43,28062023-11:06:06,"Toestel en structuren, met inbegrip van componenten en constructieve onderdelen, waarmee of waarop kinderen binnen of buiten kunnen spelen, individueel of gezamenlijk, volgens hun eigen spelregels of beweegredenen, die te allen tijde kunnen worden gewijzi
Synoniemen: Speelvoorziening",,nan,id-4efb3a19-e491-469f-aa96-debed9c1be4,2022-12-12 16:28:21,Speeltoestel,Speeltoestel,EAPK_C86EFE55_7DAA_4a8e_B35D_67FC3CAA59A8,1.0,Proposed,,,,,1.0,
EAID_A5A43927_9633_4584_865B_78AE4486E5B,,Business object,Arjen Brienen,,2018-10-02 09:57:43,28062023-11:06:06,"Terrein mogelijk met groenvoorziening, verharding en bebouwing bestemd voor sportbeoefening.
Synoniemen: Sportveld",,nan,id-a5a43927-9633-4584-865b-78ae4486e5b,2022-12-12 16:28:21,Sportterrein,Sportterrein,EAPK_C86EFE55_7DAA_4a8e_B35D_67FC3CAA59A8,1.0,Proposed,,,,,1.0,
EAID_CEF4E497_01A1_4B4F_A509_D18945A3311,,Business object,Arjen Brienen,,2018-10-02 09:57:43,28062023-11:06:06,Een deelgebied van een bemalingsgebied waarvan de afvoer via een stuwput of stuwriool wordt beperkt.,,nan,id-cef4e497-01a1-4b4f-a509-d18945a3311,2022-12-12 16:28:21,Stuwgebied,Stuwgebied,EAPK_C86EFE55_7DAA_4a8e_B35D_67FC3CAA59A8,1.0,Proposed,,,,,1.0,
EAID_E9091F41_09F6_42D6_9295_8FE1CA54198,,Business object,Arjen Brienen,,2018-10-02 09:57:43,28062023-11:06:06,"Kleinste functioneel onafhankelijk stukje van een terrein, dat er binnen het objecttype Terrein van NEN 3610 wordt onderscheiden, met of zonder aaneengesloten vegetatie.",,nan,id-e9091f41-09f6-42d6-9295-8fe1ca54198,2022-12-12 16:28:21,Terreindeel,Terreindeel,EAPK_C86EFE55_7DAA_4a8e_B35D_67FC3CAA59A8,1.0,Proposed,,,,,1.0,
EAID_906C9BA6_762D_4B15_94A3_6D8F2D8B922,,Business object,Arjen Brienen,,2018-10-02 09:57:43,28062023-11:06:06,"Onderdeel van een kunstmatig aangelegde, kokervormige onderdoorgang dat essentieel is voor de constructie.",,nan,id-906c9ba6-762d-4b15-94a3-6d8f2d8b922,2022-12-12 16:28:21,Tunnelobject,Tunnelobject,EAPK_C86EFE55_7DAA_4a8e_B35D_67FC3CAA59A8,1.0,Proposed,,,,,1.0,
EAID_A5EEDFA7_48FF_4E7F_B5BF_4A809130A3D,,Business object,Arjen Brienen,,2018-10-02 09:57:43,28062023-11:06:06,Het eindpunt van een rioolleiding waar uitstroming van afvalwater uit het rioolstelsel naar het oppervlaktewater mogelijk is.,,nan,id-a5eedfa7-48ff-4e7f-b5bf-4a809130a3d,2022-12-12 16:28:21,Uitlaatconstructie,Uitlaatconstructie,EAPK_C86EFE55_7DAA_4a8e_B35D_67FC3CAA59A8,1.0,Proposed,,,,,1.0,
EAID_761406D1_87BC_4DC1_B1B7_BD3BB7AB54A,,Business object,Arjen Brienen,,2018-10-02 09:57:43,28062023-11:06:06,Verzamelobject van alle vegetatieobjecten - niveau 2,,nan,id-761406d1-87bc-4dc1-b1b7-bd3bb7ab54a,2022-12-12 16:28:21,Vegetatieobject,Vegetatieobject,EAPK_C86EFE55_7DAA_4a8e_B35D_67FC3CAA59A8,1.0,Proposed,,,,,1.0,
EAID_47F12418_C5F8_44E0_8EC6_3D0C5993372,,Business object,Arjen Brienen,,2018-10-02 09:57:43,28062023-11:06:06,"Verharde lagen van een weglichaam, speel- en sportondergronden en onbegroeid terreindelen inclusief de fundering.",,nan,id-47f12418-c5f8-44e0-8ec6-3d0c5993372,2022-12-12 16:28:21,Verhardingsobject,Verhardingsobject,EAPK_C86EFE55_7DAA_4a8e_B35D_67FC3CAA59A8,1.0,Proposed,,,,,1.0,
EAID_D20F86EE_C4B5_497D_BED0_34B7509121E,,Business object,Arjen Brienen,,2018-10-02 09:57:43,28062023-11:06:06,"Verhoging in de rijbaan, bedoeld om het gemotoriseerde verkeer met een lage(re) snelheid te laten rijden. Toelichting: Sinds ongeveer 2000 beschikt de Nederlandse wegenbouw over technische mogelijkheden om drempels uit te voeren in een doorlopende asfaltverharding en dan zodanig dat deze een specifieke snelheid uitlokken bij circa 80 procent van het gemotoriseerde verkeer.",,nan,id-d20f86ee-c4b5-497d-bed0-34b7509121e,2022-12-12 16:28:21,Verkeersdrempel,Verkeersdrempel,EAPK_C86EFE55_7DAA_4a8e_B35D_67FC3CAA59A8,1.0,Proposed,,,,,1.0,
EAID_8CD4C799_C403_41B6_B409_06D37398E31,,Business object,Arjen Brienen,,2018-10-02 09:57:43,28062023-11:06:06,Paal of mast waaraan openbare verlichting is bevestigd.,,nan,id-8cd4c799-c403-41b6-b409-06d37398e31,2022-12-12 16:28:21,Verlichtingsobject,Verlichtingsobject,EAPK_C86EFE55_7DAA_4a8e_B35D_67FC3CAA59A8,1.0,Proposed,,,,,1.0,
EAID_4824C467_3BF6_45C2_BD8B_03F04CEBCA9,,Business object,Arjen Brienen,,2018-10-02 09:57:43,28062023-11:06:06,"Kunstwerk over een weg, spoorweg of terreinverdieping, bestaande uit een dek gesteund door pijlers en/of landhoofden.",,nan,id-4824c467-3bf6-45c2-bd8b-03f04cebca9,2022-12-12 16:28:21,Viaduct,Viaduct,EAPK_C86EFE55_7DAA_4a8e_B35D_67FC3CAA59A8,1.0,Proposed,,,,,1.0,
EAID_0DCEE6C7_87BC_498C_A02A_25271DB1BC9,,Business object,Arjen Brienen,,2018-10-02 09:57:43,28062023-11:06:06,Een ruimtelijk object ter inrichting van het water.,,nan,id-0dcee6c7-87bc-498c-a02a-25271db1bc9,2022-12-12 16:28:21,Waterinrichtingsobject,Waterinrichtingsobject,EAPK_C86EFE55_7DAA_4a8e_B35D_67FC3CAA59A8,1.0,Proposed,,,,,1.0,
EAID_81CBE022_0D94_4377_82CA_3AA12937FE8,,Business object,Arjen Brienen,,2018-10-02 09:57:43,28062023-11:06:06,"Kleinste functioneel onafhankelijk stukje water met gelijkblijvende, homogene eigenschappen en relaties dat er binnen het objecttype Water van NEN 3610 wordt onderscheiden en dat permanent met water bedekt is. (imgeo.geostandaarden.nl)",,nan,id-81cbe022-0d94-4377-82ca-3aa12937fe8,2022-12-12 16:28:22,Waterobject,Waterobject,EAPK_C86EFE55_7DAA_4a8e_B35D_67FC3CAA59A8,1.0,Proposed,,,,,1.0,
EAID_7F3202B1_9A3B_4E02_B4F4_31EBCE6B8DE,,Business object,Arjen Brienen,,2018-10-02 09:57:43,28062023-11:06:06,Een ruimtelijk object dat dient voor de inrichting van de openbare weg.,,nan,id-7f3202b1-9a3b-4e02-b4f4-31ebce6b8de,2022-12-12 16:28:22,Weginrichtingsobject,Weginrichtingsobject,EAPK_C86EFE55_7DAA_4a8e_B35D_67FC3CAA59A8,1.0,Proposed,,,,,1.0,
EAID_DDE9A5B3_1E56_4058_8D12_A774F43B5D26,,Business object,Arjen Brienen,https://begrippen.hunzeenaas.nl/id/begrip/Id-b4d464ee-26e3-45c4-9f29-1f98ee8b5d1a,2018-11-06 16:52:08,28062023-11:06:06,"Kleinst mogelijke eenheid van werk die zinvol onderscheiden kan worden, uitgevoerd door een persoon of machine op 1 plek op 1 moment.",,nan,id-dde9a5b3-1e56-4058-8d12-a774f43b5d26,2022-12-12 16:28:12,Actie,Actie,EAPK_18DA1C0F_39A8_419a_B10A_D939009CC0C2,1.0,Proposed,,,"bron: Bedrijfsarchitectuur op basis van Novius Architectuur Methode, code: 6.2.4",,1.0,
EAID_9507EE24_6397_4a9c_B478_8C2899EC0BFB,,Business object,Arjen Brienen,,2018-11-07 17:27:26,28062023-11:06:06,"Het verspreidingsgebied van een een soort, een levensgemeenschap of een biotooptype.",,nan,id-9507ee24-6397-4a9c-b478-8c2899ec0bfb,2022-12-12 16:28:12,Areaal,Areaal,EAPK_18DA1C0F_39A8_419a_B10A_D939009CC0C2,1.0,Proposed,,Verspreidingsgebied,,,1.0,
EAID_4A8E659E_F088_446d_8614_BA31B106A417,,Business object,Arjen Brienen,https://www.crow.nl/thema-s/management-openbare-ruimte/beeldkwaliteit/bor-meld,2018-11-07 16:58:24,28062023-11:06:06,BOR-MELD is een CROW-standaard voor het vastleggen van meldingen. ,,nan,id-4a8e659e-f088-446d-8614-ba31b106a417,2022-12-12 16:28:12,CROWMelding,CROW-Melding,EAPK_18DA1C0F_39A8_419a_B10A_D939009CC0C2,1.0,Proposed,,BOR-MELD,"CROW heeft begin 2017 besloten om eenduidige registratie van meldingen voor de gehele openbare ruimte te gaan faciliteren in aanvulling op de door Stichting RIONED tussen 2014 en 2016 ontwikkelde methodiek voor het stedelijk water domein. BOR-MELD is ontwikkeld in samenwerking met het Fonds Fysieke Leefomgeving (FFL), Stichting RIONED en de gemeenten Delft, Almere, Breda en Rotterdam.",,1.0,
EAID_05B355EF_39EA_4bfb_B1F3_AB31841C986E,,Business object,Arjen Brienen,https://damo.hetwaterschapshuis.nl/DAMO%201.5/Objectenhandboek%20DAMO%201.5/HTML/IMWaGeoobject.html,2018-09-19 11:50:45,28062023-11:06:06,"Abstractie van een fenomeen in de werkelijkheid, dat direct of indirect is geassocieerd met een locatie relatief ten opzichte van de aarde. [NEN 3610:2011]",,nan,id-05b355ef-39ea-4bfb-b1f3-ab31841c986e,2022-12-12 16:28:12,GEOObject,Geo-Object,EAPK_18DA1C0F_39A8_419a_B10A_D939009CC0C2,1.0,Proposed,,,Bevat een aantal basisgegevens die in alle geo-objecten terugkomen.,,1.0,
EAID_B53EC85A_C731_4fb6_8379_7D11802273B2,,Business object,Arjen Brienen,,2018-11-15 15:41:01,28062023-11:06:06,"Beheerder van grondgrondbeheer., oplossing voor duurzaam landbeheer en voedselproductie",,nan,id-b53ec85a-c731-4fb6-8379-7d11802273b2,2022-12-12 16:28:12,Grondbeheerder,Grondbeheerder,EAPK_18DA1C0F_39A8_419a_B10A_D939009CC0C2,1.0,Proposed,,,,,1.0,
EAID_E0F7D3A0_46C8_4e70_AA10_3888B60D14C0,,Business object,Arjen Brienen,,2018-11-13 15:38:20,28062023-11:06:06,"Wen woning die de bewoner huurt van de eigenaar, veelal een woningcorporatie of een particulier.",,nan,id-e0f7d3a0-46c8-4e70-aa10-3888b60d14c0,2022-12-12 16:28:12,Huurwoningen,Huurwoningen,EAPK_18DA1C0F_39A8_419a_B10A_D939009CC0C2,1.0,Proposed,,,,,1.0,
EAID_C73E52A5_F66E_47f0_8DEA_467A54F64DD2,,Data object,Arjen Brienen,,2018-11-06 16:50:09,28062023-11:06:06,"het inwinnen, verwerken en interpreteren van informatie met het doel om de momentane toestand van de boezemkade vast te stellen.",,nan,id-c73e52a5-f66e-47f0-8dea-467a54f64dd2,2022-12-12 16:28:12,Inspectie,Inspectie,EAPK_18DA1C0F_39A8_419a_B10A_D939009CC0C2,1.0,Proposed,,,,,1.0,
EAID_5DC6EA71_272C_4392_BA5E_5C97DC3CA9D9,,Business object,Arjen Brienen,,2018-12-06 16:14:13,28062023-11:06:06,Wijziging in de kadatrale registratie,,nan,id-5dc6ea71-272c-4392-ba5e-5c97dc3ca9d9,2022-12-12 16:28:12,Kadastralemutatie,KadastraleMutatie,EAPK_18DA1C0F_39A8_419a_B10A_D939009CC0C2,1.0,Proposed,,,,,1.0,
EAID_7FECB5B2_E6CB_4637_9FD4_6EBA2CA96BBA,,Business object,Arjen Brienen,,2018-11-13 15:38:08,28062023-11:06:06,Een woning die eigendom is van een particulier (in het algemeen de bewoner van de woning).,,nan,id-7fecb5b2-e6cb-4637-9fd4-6eba2ca96bba,2022-12-12 16:28:12,Koopwoningen,Koopwoningen,EAPK_18DA1C0F_39A8_419a_B10A_D939009CC0C2,1.0,Proposed,,,,,1.0,
EAID_2C6C809D_28B0_4037_BBFA_3E438A2DF81D,,Business object,Arjen Brienen,https://www.crow.nl/publicaties/kwaliteitscatalogus-openbare-ruimte-2018,2018-11-07 16:35:55,28062023-11:06:06,"zie https://www.crow.nl/publicaties/kwaliteitscatalogus-openbare-ruimte-2018
",,nan,id-2c6c809d-28b0-4037-bbfa-3e438a2df81d,2022-12-12 16:28:12,KwaliteitscatalogusOpenbareRuimte,Kwaliteitscatalogus Openbare Ruimte,EAPK_18DA1C0F_39A8_419a_B10A_D939009CC0C2,1.0,Proposed,,,,,1.0,
EAID_0754CC1D_48C7_4275_B909_BFB747BCFCD8,,Business object,Arjen Brienen,,2018-09-19 11:58:59,28062023-11:06:06,"Aanduiding van de hoedanigheid van uitvoering, bewerking en representativiteit van een meting, volgens een overeengekomen waarderingsschaal.",,nan,id-0754cc1d-48c7-4275-b909-bfb747bcfcd8,2022-12-12 16:28:12,Kwaliteitskenmerken,Kwaliteitskenmerken,EAPK_18DA1C0F_39A8_419a_B10A_D939009CC0C2,1.0,Proposed,,,,,1.0,
EAID_B1D48EFB_81E7_420d_A080_5B4C01798FFB,,Data object,Arjen Brienen,,2018-11-06 16:48:26,28062023-11:06:06,Registratie waarin gebeurtenissen worden bijgehouden.,,nan,id-b1d48efb-81e7-420d-a080-5b4c01798ffb,2022-12-12 16:28:12,Logboek,Logboek,EAPK_18DA1C0F_39A8_419a_B10A_D939009CC0C2,1.0,Proposed,,,,,1.0,
EAID_C6094F79_D8EA_4763_90DF_4E30EFABA1FA,,Data object,Arjen Brienen,,2018-11-06 16:48:18,28062023-11:06:06,"De betekenisvolle formulering van een waargenomen feit, waaraan een waarde kan worden toegekend",,nan,id-c6094f79-d8ea-4763-90df-4e30efaba1fa,2022-12-12 16:28:12,Melding,Melding,EAPK_18DA1C0F_39A8_419a_B10A_D939009CC0C2,1.0,Proposed,,,,,1.0,
EAID_A888F22C_45E9_4494_BA66_533FB1F6C37E,,Business object,Arjen Brienen,,2018-11-06 16:49:06,28062023-11:06:06,Aangifte vna een ongeval,,nan,id-a888f22c-45e9-4494-ba66-533fb1f6c37e,2022-12-12 16:28:12,MeldingOngeval,MeldingOngeval,EAPK_18DA1C0F_39A8_419a_B10A_D939009CC0C2,1.0,Proposed,,,,,1.0,
EAID_30D5F6E6_DE8D_46b6_AC8A_6CA1391ADFF7,,Business object,Arjen Brienen,,2018-11-15 15:09:50,28062023-11:06:06,Meldingsproces rondom werkzaamheden aan kabels en leidingen.,,nan,id-30d5f6e6-de8d-46b6-ac8a-6ca1391adff7,2022-12-12 16:28:12,MOORMelding,MOOR-melding,EAPK_18DA1C0F_39A8_419a_B10A_D939009CC0C2,1.0,Proposed,,,,,1.0,
EAID_053B594A_5E45_4413_9339_D2D026ECCE20,,Business object,Arjen Brienen,http://wetgeving.omgevingswet.overheid.nl/wetgeving/id/concept/Omgevingsvergunning,2018-11-13 15:56:08,28062023-11:06:06,Vergunning als bedoeld in afdeling 5.1 van de Omgevingswet,,nan,id-053b594a-5e45-4413-9339-d2d026ecce20,2022-12-12 16:28:12,Omgevingsvergunning,Omgevingsvergunning,EAPK_18DA1C0F_39A8_419a_B10A_D939009CC0C2,1.0,Proposed,,,,,1.0,
EAID_960BB2E0_C17F_4c89_90DD_3006CC5F0F75,,Business object,Arjen Brienen,https://aquo.begrippenxl.nl/aquo/nl/page/Id-06760094-abc1-4731-ba73-bec43f3bcf57,2018-12-05 14:33:05,28062023-11:06:06,Maatregelen om de functionele kwaliteit in stand te houden of te herstellen en dus de levensduur van een (object)onderdeel te realiseren c.q. te verlengen.,,nan,id-960bb2e0-c17f-4c89-90dd-3006cc5f0f75,2022-12-12 16:28:12,Onderhoud,Onderhoud,EAPK_18DA1C0F_39A8_419a_B10A_D939009CC0C2,1.0,Proposed,,,,,1.0,
EAID_1EBA6DEB_268D_4339_86C9_7C1BA218A7A0,,Business object,Arjen Brienen,,2018-12-05 14:55:35,28062023-11:06:06,Vorm van wegwerkzaamheid ,,nan,id-1eba6deb-268d-4339-86c9-7c1ba218a7a0,2022-12-12 16:28:12,Opbreking,Opbreking,EAPK_18DA1C0F_39A8_419a_B10A_D939009CC0C2,1.0,Proposed,,,,,1.0,
EAID_2587938E_CF7F_499b_BB21_9CB8BBCC1DD2,,Business object,Arjen Brienen,,2018-11-15 15:14:08,28062023-11:06:06,Officieel op papier gesteld verslag met betrekking tot heen MOOR-melding,,nan,id-2587938e-cf7f-499b-bb21-9cb8bbcc1dd2,2022-12-12 16:28:12,ProcesVerbaalMoorMelding,Proces-verbaal-MOOR-melding,EAPK_18DA1C0F_39A8_419a_B10A_D939009CC0C2,1.0,Proposed,,,,,1.0,
EAID_888BBB4F_BEBA_4b9a_BB2E_0E1F2A3606DF,,Business object,Arjen Brienen,,2018-11-13 16:05:41,28062023-11:06:06,De persoon die een project aanstuurt,,nan,id-888bbb4f-beba-4b9a-bb2e-0e1f2a3606df,2022-12-12 16:28:12,Projectleider,Projectleider,EAPK_18DA1C0F_39A8_419a_B10A_D939009CC0C2,1.0,Proposed,,,,,1.0,
EAID_6BBB2AE0_6F42_4676_8C6C_E727032F5F47,,Business object,Arjen Brienen,https://data.cultureelerfgoed.nl/term/id/cht/7133b0af-a970-4e9f-89b2-9b43850be2a0,2018-11-13 15:37:40,28062023-11:06:06,Een persoon of een firma die een project ontwikkelt voor financieel gewin.,,nan,id-6bbb2ae0-6f42-4676-8c6c-e727032f5f47,2022-12-12 16:28:12,Projectontwikkelaar,Projectontwikkelaar,EAPK_18DA1C0F_39A8_419a_B10A_D939009CC0C2,1.0,Proposed,,,,,1.0,
EAID_B011D584_1E66_4a21_A9C4_C922A8763AB2,,Business object,Arjen Brienen,,2018-09-19 11:36:25,28062023-11:06:06,Activiteit om te controleren of de opdrachtnemer aan de afspraken voldoet.,,nan,id-b011d584-1e66-4a21-a9c4-c922a8763ab2,2022-12-12 16:28:12,Schouwronde,Schouwronde,EAPK_18DA1C0F_39A8_419a_B10A_D939009CC0C2,1.0,Proposed,,,,,1.0,
EAID_0EF67A8B_AEBE_4a00_B1EF_2EFD0DCC9F5D,,Data object,Arjen Brienen,,2018-12-10 22:05:13,28062023-11:06:06,Verlies van de mogelijkheid om volgens een specificatie te werken of om het vereiste resultaat te leveren.,,nan,id-0ef67a8b-aebe-4a00-b1ef-2efd0dcc9f5d,2022-12-12 16:28:12,Storing,Storing,EAPK_18DA1C0F_39A8_419a_B10A_D939009CC0C2,1.0,Proposed,,,,,1.0,
EAID_3084F00C_B2E1_4f0b_9774_7E132EF20DDA,,Data object,Arjen Brienen,,2018-12-05 15:59:03,28062023-11:06:06,Verlies van de mogelijkheid om volgens een specificatie te werken of om het vereiste resultaat te leveren.,,nan,id-3084f00c-b2e1-4f0b-9774-7e132ef20dda,2022-12-12 16:28:12,Storing,Storing,EAPK_18DA1C0F_39A8_419a_B10A_D939009CC0C2,1.0,Proposed,,,,,1.0,
EAID_98C74EAB_3411_4d1a_8321_FF30567B6877,,Business object,Arjen Brienen,,2018-11-13 15:38:41,28062023-11:06:06,Een woning waar uitsluitend (meerdere) studenten (of soms ook werkende jongeren) een woongemeenschap vorme,,nan,id-98c74eab-3411-4d1a-8321-ff30567b6877,2022-12-12 16:28:12,Studentenwoningen,Studentenwoningen,EAPK_18DA1C0F_39A8_419a_B10A_D939009CC0C2,1.0,Proposed,,Studentenhuis,,,1.0,
EAID_0621D6BE_A680_4aad_890D_78684F2266B0,,Data object,Arjen Brienen,,2018-11-07 09:52:55,28062023-11:06:06,Een samenhangende set activiteiten.,,nan,id-0621d6be-a680-4aad-890d-78684f2266b0,2022-12-12 16:28:12,Taak,Taak,EAPK_18DA1C0F_39A8_419a_B10A_D939009CC0C2,1.0,Proposed,,,,,1.0,
EAID_BBE1DC54_1482_4650_BB7F_930DDB823E09,,Business object,Arjen Brienen,,2018-11-15 15:15:53,28062023-11:06:06,Degene die op de bouwlocatie van een project de leiding heeft met betrekking tot de graafwerkzaamheden,,nan,id-bbe1dc54-1482-4650-bb7f-930ddb823e09,2022-12-12 16:28:12,UitvoerderGraafwerkzaamheden,Uitvoerder Graafwerkzaamheden,EAPK_18DA1C0F_39A8_419a_B10A_D939009CC0C2,1.0,Proposed,,,,,1.0,
EAID_620FF102_974C_43a6_A6A0_79BB71E8580D,,Business object,Arjen Brienen,,2018-12-05 16:01:25,28062023-11:06:06,"Lichten die aangeven dat je moet stoppen, dat je mag doorrijden, of die je waarschuwen voor gevaar. ",,nan,id-620ff102-974c-43a6-a6a0-79bb71e8580d,2022-12-12 16:28:12,Verkeerslicht,Verkeerslicht,EAPK_18DA1C0F_39A8_419a_B10A_D939009CC0C2,1.0,Proposed,,,,,1.0,
EAID_D857E285_1EA3_4ba3_9614_5FACAC8BA133,,Business object,Arjen Brienen,,2018-11-13 15:37:15,28062023-11:06:06,Project waarin woningen worden gerealiseerd,,nan,id-d857e285-1ea3-4ba3-9614-5facac8ba133,2022-12-12 16:28:12,Woningbouwproject,Woningbouwproject,EAPK_18DA1C0F_39A8_419a_B10A_D939009CC0C2,1.0,Proposed,,,,,1.0,
EAID_681DB26F_D779_4796_B467_576E5A25F581,,Business object,Arjen Brienen,https://www.begrippenxl.nl/dso/nl/page/Woning,2018-11-13 15:42:45,28062023-11:06:06,Een complex van ruimten uitsluitend bedoeld voor de huisvesting van een afzonderlijk huishouden,,nan,id-681db26f-d779-4796-b467-576e5a25f581,2022-12-12 16:28:12,Woningen,Woningen,EAPK_18DA1C0F_39A8_419a_B10A_D939009CC0C2,1.0,Proposed,,,,,1.0,
EAID_FB771E02_8FE3_496b_B99B_CF4A496A7B80,,Business object,Arjen Brienen,Wet milieubeheer,2019-09-23 13:44:30,28062023-11:06:06,Bestuursorgaan dat bevoegd is tot het geven van een beschikking of het nemen van een ander besluit.  ,,nan,id-fb771e02-8fe3-496b-b99b-cf4a496a7b80,2022-12-12 16:28:12,BevoegdGezag,Bevoegd Gezag,EAPK_7610AA7C_7D7D_458f_9A2B_E0E02AC9DFAF,1.0,Proposed,,,,,1.0,
EAID_02BDED5E_9106_4aed_94C2_513689353284,,Business object,Arjen Brienen,,2019-09-23 13:30:23,28062023-11:06:06,Een Natuurlijk Persoon of een Niet Natuurlijk Persoon die als vertegenwoordiger van een Initiatiefnemer optreedt. (uit: IMAM),,nan,id-02bded5e-9106-4aed-94c2-513689353284,2022-12-12 16:28:12,Gemachtigde,Gemachtigde,EAPK_7610AA7C_7D7D_458f_9A2B_E0E02AC9DFAF,1.0,Proposed,,,,,1.0,
EAID_E38BEAEF_03C4_439b_8A64_663886C1D6F9,,Business object,Arjen Brienen,,2019-09-23 13:29:40,28062023-11:06:06,Een Natuurlijk Persoon of een Niet Natuurlijk Persoon die het initiatief neemt tot (fysieke) ingrepen in de (leef)omgeving en daartoe een Verzoek bij het Bevoegd Gezag indient. (IMAM),,nan,id-e38beaef-03c4-439b-8a64-663886c1d6f9,2022-12-12 16:28:12,Initiatiefnemer,Initiatiefnemer,EAPK_7610AA7C_7D7D_458f_9A2B_E0E02AC9DFAF,1.0,Proposed,,,,,1.0,
EAID_E1FAE16A_42AE_4b7d_88FC_F429079D1C4D,,Data object,Arjen Brienen,,2019-09-23 14:13:19,28062023-11:06:06,"Geheel van activiteiten uitgevoerd in een tijdelijk samenwerkingsverband gericht op het binnen bepaalde randvoorwaarden (bv. tijd, geld) bereiken van een vooraf gedefinieerd resultaat.",,nan,id-e1fae16a-42ae-4b7d-88fc-f429079d1c4d,2022-12-12 16:28:12,Project,Project,EAPK_7610AA7C_7D7D_458f_9A2B_E0E02AC9DFAF,1.0,Proposed,,,,,1.0,
EAID_B31B867F_061E_42d4_AB8A_DB5589602969,,Data object,Arjen Brienen,,2019-09-23 14:16:27,28062023-11:06:06,Activiteit binnen het project,,nan,id-b31b867f-061e-42d4-ab8a-db5589602969,2022-12-12 16:28:12,Projectactiviteit,Projectactiviteit,EAPK_7610AA7C_7D7D_458f_9A2B_E0E02AC9DFAF,1.0,Proposed,,,,,1.0,
EAID_D60910E1_6E36_4ebb_9687_2D2B1CE66E0B,,Data object,Arjen Brienen,,2019-09-23 14:13:34,28062023-11:06:06,Fysieke locatie waar een project betrekking op heeft of wordt uitgevoerd.,,nan,id-d60910e1-6e36-4ebb-9687-2d2b1ce66e0b,2022-12-12 16:28:12,Projectlocatie,Projectlocatie,EAPK_7610AA7C_7D7D_458f_9A2B_E0E02AC9DFAF,1.0,Proposed,,,,,1.0,
EAID_DF63FBD0_DCA2_45bd_81E8_EE5E72D38EDE,,Data object,Arjen Brienen,,2019-09-23 13:54:41,28062023-11:06:06,"Gesplitste opgave, vermelding van de afzonderlijke onderdelen waaruit een verzameling of een totaal bestaat",,nan,id-df63fbd0-dca2-45bd-81e8-ee5e72d38ede,2022-12-12 16:28:12,Specificatie,Specificatie,EAPK_7610AA7C_7D7D_458f_9A2B_E0E02AC9DFAF,1.0,Proposed,,,,,1.0,
EAID_1B3A22D3_E2BA_440a_A2FD_B3D322FB1171,,Business object,Arjen Brienen,,2019-09-23 13:44:45,28062023-11:06:06,Onderdeel van het bevoegd gezag dat uitvoering geeft aan wetten en besluiten,,nan,id-1b3a22d3-e2ba-440a-a2fd-b3d322fb1171,2022-12-12 16:28:12,UitvoerendeInstantie,Uitvoerende instantie,EAPK_7610AA7C_7D7D_458f_9A2B_E0E02AC9DFAF,1.0,Proposed,,,,,1.0,
EAID_B18119D9_5BF8_498f_B9D3_ECCE7A770012,,Business object,Arjen Brienen,,2019-09-23 13:29:00,28062023-11:06:06,Een vraag aan het bevoegd gezag om een speficieke product of dienst te leveren.,,nan,id-b18119d9-5bf8-498f-b9d3-ecce7a770012,2022-12-12 16:28:12,Verzoek,Verzoek,EAPK_7610AA7C_7D7D_458f_9A2B_E0E02AC9DFAF,1.0,Proposed,,,,,1.0,
EAID_F5434F00_CC0F_4d7b_91AE_20CBD3C60DFC,,Business object,Arjen Brienen,https://www.gemmaonline.nl/index.php/Omgevingswet/1.5/id-1ef84005-17fd-41d1-8d70-665158e83b0d,2019-10-23 17:01:05,28062023-11:06:06,"In artikel 16.2 van de Omgevingswet aangemerkt instrument te weten: Omgevingsvisie, programma, omgevingsplan, waterschapsverordening, omgevingsverordening, projectbesluit of bij Algemene Maatregel van Bestuur (Omgevingsbesluit) aangewezen ander besluit of ander rechtsfiguur.",,nan,id-f5434f00-cc0f-4d7b-91ae-20cbd3c60dfc,2022-12-12 16:28:12,Omgevingsdocument,Omgevingsdocument,EAPK_DD661A2E_8CE9_4686_B9C7_B13EF5367803,1.0,Proposed,,,,,1.0,
EAID_A744FAF8_16B7_4e5d_9C10_203AA8E7C440,,Data object,Arjen Brienen,https://www.wegwijzertpod.nl/onderwerpen/tekststructuur/artikelstructuur,2019-10-23 17:00:53,28062023-11:06:06,De kleinste zelfstandige eenheid van (een of meer) bij elkaar horende juridische regels: een artikel en lid. ,,nan,id-a744faf8-16b7-4e5d-9c10-203aa8e7c440,2022-12-12 16:28:12,Regeltekst,Regeltekst,EAPK_DD661A2E_8CE9_4686_B9C7_B13EF5367803,1.0,Proposed,,,,,1.0,
EAID_8BE600D0_EBF4_475b_8801_F387A5D39009,,Data object,Arjen Brienen,,2019-10-22 09:49:52,28062023-11:06:06,"Ieder menselijk handelen waarbij, of ieder menselijk nalaten waardoor een verandering of effect in de (fysieke) leefomgeving wordt of kan worden bewerkstelligd. ",,nan,id-8be600d0-ebf4-475b-8801-f387a5d39009,2022-12-12 16:28:12,Activiteit,Activiteit,EAPK_E2C175A5_F6CC_463e_A6FB_78EAD11E6008,1.0,Proposed,,,,,1.0,
EAID_E93E03EF_259F_4bda_A875_A0E60CB18E89,,Business object,Arjen Brienen,https://geonovum.github.io/TPOD/CIMOW/CIMOW_v2.1.0.pdf,2019-10-22 10:45:15,28062023-11:06:06,"Een bij of krachtens de wet aangewezen gebied, waar vanwege de aanwezigheid van een werk of object regels gelden, ten aanzien van het beperken van activiteiten die gevolgen hebben of kunnen hebben voor dat werk of object.",,nan,id-e93e03ef-259f-4bda-a875-a0e60cb18e89,2022-12-12 16:28:12,Beperkingsgebied,Beperkingsgebied,EAPK_E2C175A5_F6CC_463e_A6FB_78EAD11E6008,1.0,Proposed,,Beperkingengebied,"Voorbeeld: een luchthaven, een spoorweg of een snelweg, een waterstaatswerk. Op de weg geldt bijvoorbeeld een snelheidsbeperking of een inhaalverbod. De regels hieromtrent zijn vaak landelijk vastgesteld, maar de gebieden waarvoor deze regels gelden worden lokaal aangewezen. In spreektaal: een gebied is een beperkingengebied. Informatiekundig: een beperkingengebied is een zelfstandig informatieobject, welke een gebied aanwijst, via een verwijzing ernaartoe. Het beperkingengebied is niet de regel zelf. De regel beschrijft wat er juridisch geldt voor dit object. De juridische tekst waarin dit object genoemd is, is te vinden in de juridische regel, en niet in dit object.",,1.0,
EAID_3BDD29C7_FBCD_4c90_A520_8187E2D9BD57,,Business object,Arjen Brienen,https://begrippen.archixl.nl/archixl/nl/page/Functie,2019-10-22 10:45:10,28062023-11:06:06,Een samenhangende verzameling van rollen,,nan,id-3bdd29c7-fbcd-4c90-a520-8187e2d9bd57,2022-12-12 16:28:12,Functie,Functie,EAPK_E2C175A5_F6CC_463e_A6FB_78EAD11E6008,1.0,Proposed,,,"Voorbeeld: centrumgebied, bedrijventerrein. In spreektaal: een gebied heeft een functie. Informatiekundig: een functie is een zelfstandig informatieobject dat via een verwijzing een gebied aanwijst. De functie is niet de regel zelf. De regel beschrijft wat er juridisch geldt voor dit object. De juridische tekst waarin dit object genoemd is, is te vinden in de juridische regel, en niet in dit object.",,1.0,
EAID_503BD06E_E063_46f2_8B43_BF75A143D6C4,,Business object,Arjen Brienen,https://geonovum.github.io/TPOD/CIMOW/CIMOW_v2.1.0.pdf,2019-10-22 09:50:00,28062023-11:06:06,"Functie of een Beperkingengebied, met een verwijzing naar locatie, veelal een gebied, waarbij aangegeven wordt hoe het gebied beschouwd wordt vanuit de bijbehorende regels.",,nan,id-503bd06e-e063-46f2-8b43-bf75a143d6c4,2022-12-12 16:28:12,Gebiedsaanwijzing,Gebiedsaanwijzing,EAPK_E2C175A5_F6CC_463e_A6FB_78EAD11E6008,1.0,Proposed,,,"Voorbeeld: bebouwde kom. In spreektaal: dit gebied is aangewezen als bebouwde kom en dit is de functie van dit gebied. Informatiekundig: een aangewezen gebied met de naam bebouwde kom heeft een locatieaanduiding naar een locatie/gebied. Deze locatieaanduiding is een verwijzing, omdat dezelfde locatie ook in de context van een andere aangewezen gebied, of in de context van andere regels, aangewezen of aangeduid kan worden.",,1.0,
EAID_4942AB0A_804B_4043_BD3C_7F65E2D697E0,,Business object,Arjen Brienen,https://geonovum.github.io/TPOD/CIMOW/CIMOW_v2.1.0.pdf,2019-10-23 12:19:30,28062023-11:06:06,Vastlegging van de manier de begrenzing van Locatie voor deze Juridische regel ge√Ønterpreteerd moet worden en door het bevoegd gezag bedoeld is.,,nan,id-4942ab0a-804b-4043-bd3c-7f65e2d697e0,2022-12-12 16:28:12,Idealisatie,Idealisatie,EAPK_E2C175A5_F6CC_463e_A6FB_78EAD11E6008,1.0,Proposed,,,"Voorbeeld: exact, indicatief. Indicatief kan gebruikt worden wanneer een grens berekend is en mogelijk niet overal geheel rekening houdt met de fysieke situatie ter plaatse.",,1.0,
EAID_A6C71E4C_CB46_41ae_8A61_C8080BB92A55,,Business object,Arjen Brienen,https://geonovum.github.io/TPOD/CIMOW/CIMOW_v2.1.0.pdf,2019-10-22 10:52:10,28062023-11:06:06,"<font color=""#032547""><b>Objecttype Instructieregel</b></font>
Naam Definitie
Toelichting
Instructieregel
De beschrijving van een juridische regel die een instructie is voor een extern omgevingsdocument of een orgaan.
Het betreft hier juridische regel die instructie geeft aan andere overheden, gericht op externe omgevingsdocumenten, of een taakuitoefening.
Een ander omgevingsdocument is bijvoorbeeld een Omgevingsplan, Omgevingsverordening en Waterschapsverordening.
Een taakuitoefening is voor bijvoorbeeld een gemeentebestuur of een wildbeheereenheid.
Een instructieregel is alleen gericht op een Omgevingsnorm of een Gebiedsaanduiding, zoals een Functie of een Beperkingengebied (en eventueel meerdere).",,nan,id-a6c71e4c-cb46-41ae-8a61-c8080bb92a55,2022-12-12 16:28:12,Instructieregel,Instructieregel,EAPK_E2C175A5_F6CC_463e_A6FB_78EAD11E6008,1.0,Proposed,,,"Het betreft hier juridische regel die instructie geeft aan andere overheden, gericht op externe omgevingsdocumenten, of een taakuitoefening. Een ander omgevingsdocument is bijvoorbeeld een Omgevingsplan, Omgevingsverordening en Waterschapsverordening. Een taakuitoefening is voor bijvoorbeeld een gemeentebestuur of een wildbeheereenheid. Een instructieregel is alleen gericht op een Omgevingsnorm of een Gebiedsaanduiding, zoals een Functie of een Beperkingengebied (en eventueel meerdere).",,1.0,
EAID_DDFF98D8_99FF_47b5_82D1_7FF2376750D6,,Business object,Arjen Brienen,Conceptueel Informatiemodel Omgevingswet (CIMOW),2019-10-22 10:47:00,28062023-11:06:06,"De beschrijving van een regel met juridische werkingskracht. Een regel betreft binnen de Omgevingswet veelal activiteiten, en/of normen en/of functies en/of beperkingengebieden.",,nan,id-ddff98d8-99ff-47b5-82d1-7ff2376750d6,2022-12-12 16:28:12,JuridischeRegel,Juridische Regel,EAPK_E2C175A5_F6CC_463e_A6FB_78EAD11E6008,1.0,Proposed,,,https://geonovum.github.io/TPOD/CIMOW/CIMOW_v2.1.0.pdf,,1.0,
EAID_081F7413_A4D0_49e7_98E2_E0F3F4299750,,Business object,Arjen Brienen,https://geonovum.github.io/TPOD/CIMOW/CIMOW_v2.1.0.pdf,2019-10-22 11:00:51,28062023-11:06:06,"Omgevingswaarde of een omgevingsnorm, met een normatief karakter, die beschreven worden middels normwaarden. Een normwaarde kan kwalitatief of kwantitatief zijn.",,nan,id-081f7413-a4d0-49e7-98e2-e0f3f4299750,2022-12-12 16:28:12,Norm,Norm,EAPK_E2C175A5_F6CC_463e_A6FB_78EAD11E6008,1.0,Proposed,,,"Een norm kan bestaan uit meerdere normwaarden, die dan veelal afzonderlijk gelden voor aparte gebieden. Bijvoorbeeld: de norm maximum bouwhoogte bestaat uit twee normwaarden: # maximum bouwhoogte 10 meter geldt voor een aantal locaties; # maximum bouwhoogte 12 meter geldt voor een aantal andere locaties. Een juridische regel geeft de norm als geheel werkingskracht (niet de individuele normwaarden).",,1.0,
EAID_58656D46_644B_4779_A473_739C5636BA0A,,Business object,Arjen Brienen,https://geonovum.github.io/TPOD/CIMOW/CIMOW_v2.1.0.pdf,2019-10-22 11:31:55,28062023-11:06:06,"√â√©n van de kwantitatieve of kwalitatieve waarden van een norm. De normwaarde geeft aan wat de specifieke kwantitatieve of kwalitatieve eisen zijn, inclusief de toewijzing ervan aan de specifieke locatie(s) waar de normwaarde voor geldt.",,nan,id-58656d46-644b-4779-a473-739c5636ba0a,2022-12-12 16:28:12,Normwaarde,Normwaarde,EAPK_E2C175A5_F6CC_463e_A6FB_78EAD11E6008,1.0,Proposed,,,"Een gegevensgroeptype is geen object. Het is een apart type modelelement om een groep van kenmerken in onder te brengen, te weten de beschrijving van de normwaarde, de waarde zelf en de locatie waarvoor deze geldt.",,1.0,
EAID_F90F8E5E_7402_4c44_AC69_91A4175E5D47,,Business object,Arjen Brienen,https://geonovum.github.io/TPOD/CIMOW/CIMOW_v2.1.0.pdf,2019-10-22 11:02:26,28062023-11:06:06,Een norm over de fysieke leefomgeving die in een kwantitatieve of kwalitatieve waarde wordt uitgedrukt en geen omgevingswaarde is.,,nan,id-f90f8e5e-7402-4c44-ac69-91a4175e5d47,2022-12-12 16:28:12,Omgevingsnorm,Omgevingsnorm,EAPK_E2C175A5_F6CC_463e_A6FB_78EAD11E6008,1.0,Proposed,,,"Bijvoorbeeld: maximum bouwhoogte, maximum aantal parkeerplaatsen, maximum geluidbelasting, maximum aantal bezoekers Alle omgevingsnormen hebben als herkomst omgevingsdocumenten. De Omgevingsnorm is niet de regel zelf. De regel beschrijft wat er juridisch geldt voor dit object. De juridische tekst waarin dit object genoemd is, is te vinden in de juridische regel, en niet in dit object.",,1.0,
EAID_6B1F7274_19A7_4349_835E_85CBEFFEE35A,,Business object,Arjen Brienen,https://geonovum.github.io/TPOD/CIMOW/CIMOW_v2.1.0.pdf,2019-10-22 11:02:39,28062023-11:06:06,"Een norm die voor (een onderdeel van) de fysieke leefomgeving de gewenste staat of kwaliteit, de toelaatbare belasting door activiteiten en/of de toelaatbare concentratie of depositie van stoffen als beleidsdoel vastlegt.",,nan,id-6b1f7274-19a7-4349-835e-85cbeffee35a,2022-12-12 16:28:12,Omgevingswaarde,Omgevingswaarde,EAPK_E2C175A5_F6CC_463e_A6FB_78EAD11E6008,1.0,Proposed,,,"Bijvoorbeeld: streefwaarden of maximaal toelaatbare waarden voor luchtkwaliteit, kwaliteit van oppervlaktewater, grondwater of zwemwater. Alle omgevingswaarden hebben als herkomst omgevingsdocumenten. Omgevingswaarden worden uitgedrukt in meetbare of berekenbare eenheden of anderszins in objectieve termen. Een omgevingswaarde is bindend voor de overheid die de omgevingswaarde heeft vastgesteld en heeft geen rechtstreekse werking voor anderen. Omgevingswaarden zijn een concretisering van de maatschappelijke doelen die met de Omgevingswet worden nagestreefd. Zij hebben betrekking op de hoedanigheid en eigenschappen van de fysieke leefomgeving (de staat, kwaliteit of inrichting van de omgeving). Omgevingswaarden dienen als referentiekader bij de inzet van instrumenten en bevoegdheden van de overheid. De Omgevingswaarde is niet de regel zelf. De regel beschrijft wat er juridisch geldt voor dit object. De juridische tekst waarin dit object genoemd is, is te vinden in de juridische regel, en niet in dit object.",,1.0,
EAID_2FC6C6EB_DF35_49e6_9694_1B8BD53537B0,,Business object,Arjen Brienen,https://geonovum.github.io/TPOD/CIMOW/CIMOW_v2.1.0.pdf,2019-10-22 10:52:33,28062023-11:06:06,"Omgevingswaarderegel
De beschrijving van een juridische regel gericht op een gestelde omgevingswaarde.
Het betreft hier een juridische regel die verplichtingen oplegt aan het bevoegd gezag dat deze regel opstelt.
Een omgevingswaarderegel is alleen gericht op een Omgevingswaarde (eventueel meerdere).",,nan,id-2fc6c6eb-df35-49e6-9694-1b8bd53537b0,2022-12-12 16:28:12,Omgevingswaarderegel,Omgevingswaarderegel,EAPK_E2C175A5_F6CC_463e_A6FB_78EAD11E6008,1.0,Proposed,,,"Het betreft hier een algemeen geldende regel met directe werking voor eenieder. Anders gezegd, deze regels gelden voor eenieder in Nederland, inclusief voor de bevoegde gezagen zelf.",,1.0,
EAID_3D9D2E7B_525E_43d9_B08F_EDE47F8A0C94,,Business object,Arjen Brienen,https://geonovum.github.io/TPOD/CIMOW/CIMOW_v2.1.0.pdf,2019-10-22 10:52:02,28062023-11:06:06,Een Juridische regel die voor eenieder werking heeft,,nan,id-3d9d2e7b-525e-43d9-b08f-ede47f8a0c94,2022-12-12 16:28:12,RegelVoorIedereen,Regel voor Iedereen,EAPK_E2C175A5_F6CC_463e_A6FB_78EAD11E6008,1.0,Proposed,,,"Het betreft hier een algemeen geldende regel met directe werking voor eenieder. Anders gezegd, deze regels gelden voor eenieder in Nederland, inclusief voor de bevoegde gezagen zelf.",,1.0,
EAID_55FC829A_906B_4cb7_87D7_5BBAE59E07A8,,Data object,Arjen Brienen,https://geonovum.github.io/TPOD/CIMOW/CIMOW_v2.1.0.pdf,2019-10-23 12:19:35,28062023-11:06:06,Kernachtige weergave van de grondgedachte achter een regel.,,nan,id-55fc829a-906b-4cb7-87d7-5bbae59e07a8,2022-12-12 16:28:12,Thema,Thema,EAPK_E2C175A5_F6CC_463e_A6FB_78EAD11E6008,1.0,Proposed,,,,,1.0,
EAID_C2A7756C_87E9_44f0_85A9_673F3956BB48,,Business object,Arjen Brienen,http://standaarden.omgevingswet.overheid.nl/imtr/id/concept/conclusie,2019-10-23 15:46:18,28062023-11:06:06,Conclusie van de check. Antwoord op de vraag of ik een melding moet doen of een vergunning aan moet vragen voor een bepaalde activiteit.,,nan,id-c2a7756c-87e9-44f0-85a9-673f3956bb48,2022-12-12 16:28:12,Conclusie,Conclusie,EAPK_C8969BDF_81D3_40ee_B97B_2A958796B037,1.0,Proposed,,,,,1.0,
EAID_8587D910_7A9C_46d8_BF27_27433E9B6DAD,,Business object,Arjen Brienen,http://standaarden.omgevingswet.overheid.nl/imtr/id/concept/Indieningsvereisten,2019-10-23 15:46:26,28062023-11:06:06,Dat wat de initiatiefnemer moet aanleveren om het bevoegd gezag een aanvraag te kunnen laten beoordelen. De indieningsvereisten is de set aan informatie (gegevens en / of bijlagen) die aan een aanvraag moet worden toegevoegd voor een bepaalde vergunning of melding.,,nan,id-8587d910-7a9c-46d8-bf27-27433e9b6dad,2022-12-12 16:28:12,Indieningsvereisten,Indieningsvereisten,EAPK_C8969BDF_81D3_40ee_B97B_2A958796B037,1.0,Proposed,,,,,1.0,
EAID_45591365_C55F_4735_9533_D3BBB0AB6571,,Business object,Arjen Brienen,http://standaarden.omgevingswet.overheid.nl/imtr/id/concept/Maatregelen,2019-10-23 15:46:53,28062023-11:06:06,Beschrijft welke handelingen iemand moet uitvoeren om aan Voorschriften te kunnen voldoen.,,nan,id-45591365-c55f-4735-9533-d3bbb0ab6571,2022-12-12 16:28:12,Maatregelen,Maatregelen,EAPK_C8969BDF_81D3_40ee_B97B_2A958796B037,1.0,Proposed,,,,,1.0,
EAID_10C06EB3_F94A_4005_9C66_0DAE61B96192,,Business object,Arjen Brienen,https://wilmaonline.nl/index.php/WILMA/id-f467b079-b26b-4f409-fb58-06406e2bb4e,2019-10-23 15:45:54,28062023-11:06:06,"<i>Vanwege de leesbaarheid wordt gewerkt met de term Toepasbare regel ipv regelbeheersobject</i>
<i>
</i><i>Een regelbeheerobject heeft een koppeling met een samenhangende set met regels om een afleiding te kunnen doen. Het regelbeheerobject ‘conclusie gevelaanpassing’ kan een vraag beantwoorden zoals: “Heb ik een vergunning nodig voor het veranderen van een kozijn, kozijninvulling of gevelpaneel”. Het regelbeheerobject ‘melding lozing’ beantwoordt de vraag “Wat moet ik aan informatie (gegevens en documenten) aanleveren als ik ga lozen vanuit particuliere huishoudens”. Het regelbeheerobject “Opslaan van gasolie smeerolie of afgewerkte olie in een bovengrondse opslagtank” </i>geeft aan welke maatregelen genomen dienen te worden.
Het regelbeheerobject is onderdeel van de functionele structuur. De set met regels is gedefinieerd in het Toepasbare regelbestand<sup>2</sup>.
",,nan,id-10c06eb3-f94a-4005-9c66-0dae61b96192,2022-12-12 16:28:12,ToepasbareRegel,Toepasbare Regel,EAPK_C8969BDF_81D3_40ee_B97B_2A958796B037,1.0,Proposed,,,,,1.0,
EAID_3120D398_95C1_42fe_B10F_4F3B6BF15D1A,,Data object,Arjen Brienen,,2019-10-23 15:49:18,28062023-11:06:06,Bestand met aangeleverde toepasbare regels,,nan,id-3120d398-95c1-42fe-b10f-4f3b6bf15d1a,2022-12-12 16:28:13,ToepasbareRegelBestand,ToepasbareRegelBestand,EAPK_C8969BDF_81D3_40ee_B97B_2A958796B037,1.0,Proposed,,,,,1.0,
EAID_1528D03C_4F22_4d6b_A44F_605802C195C4,,Business object,Arjen Brienen,https://www.begrippenxl.nl/dso/nl/page/Uitvoeringsregel,2019-10-23 15:47:28,28062023-11:06:06,De uitvoeringsregels bepalen hoe de benodigde gegevens (input data) wordt uitgevraagd. Dit kan op verschillende manieren gebeuren zoals een vraag aan een initiatiefnemer of een bevraging van een registratie.,,nan,id-1528d03c-4f22-4d6b-a44f-605802c195c4,2022-12-12 16:28:13,Uitvoeringsregel,Uitvoeringsregel,EAPK_C8969BDF_81D3_40ee_B97B_2A958796B037,1.0,Proposed,,,,,1.0,
EAID_836E51BF_65E9_4482_B555_C9AB737D264D,,Data object,Arjen Brienen,,2018-06-06 15:56:31,28062023-11:06:06,Een professioneel oordeel dat gebaseerd is op algemeen aanvaarde wetenschap ten aanzien van de archeologie,,nan,id-836e51bf-65e9-4482-b555-c9ab737d264d,2022-12-12 16:28:22,Archeologiebesluit,Archeologiebesluit,EAPK_BB091186_D934_4ff7_8B95_F086954A45F5,1.0,Proposed,,,,,1.0,
EAID_2C230EE7_036D_48be_B82A_FF45598170F7,,Business object,Arjen Brienen,https://thesaurus.cultureelerfgoed.nl/concept/cht:bc706712-3738-462b-8c8c-a0befff10ff5/nl,2018-11-26 16:14:39,28062023-11:06:06,"De benaming voor ieder verplaatsbaar object dat door de mens is vervaardigd, bewerkt en/of gebruikt. ",,nan,id-2c230ee7-036d-48be-b82a-ff45598170f7,2022-12-12 16:28:22,Artefact,Artefact,EAPK_BB091186_D934_4ff7_8B95_F086954A45F5,1.0,Proposed,,"artefacten, voorwerp, voorwerpen",,,1.0,
EAID_67CF25EB_EBB0_4185_8171_1F9DD3B5D212,,Data object,Arjen Brienen,,2018-06-06 15:02:51,28062023-11:06:06,Typering van artefacten,,nan,id-67cf25eb-ebb0-4185-8171-1f9dd3b5d212,2022-12-12 16:28:22,Artefactsoort,Artefactsoort,EAPK_BB091186_D934_4ff7_8B95_F086954A45F5,1.0,Proposed,,,,,1.0,
EAID_E11FDCA7_7538_4353_83FF_72164D928452,,Data object,Arjen Brienen,,2018-06-06 15:17:02,28062023-11:06:06,,,nan,id-e11fdca7-7538-4353-83ff-72164d928452,2022-12-12 16:28:22,Boring,boring,EAPK_BB091186_D934_4ff7_8B95_F086954A45F5,1.0,Proposed,,,,,1.0,
EAID_703CAFCF_FDC0_4861_AA76_1692303DE7BE,,Data object,Arjen Brienen,https://thesaurus.cultureelerfgoed.nl/concept/cht:44872c69-2b39-4667-88a7-9500b45b65c9/nl,2018-11-21 22:07:15,28062023-11:06:06,Een afsluitbaar object waar iets in wordt opgeborgen of verpakt.,,nan,id-703cafcf-fdc0-4861-aa76-1692303de7be,2022-12-12 16:28:22,Doos,Doos,EAPK_BB091186_D934_4ff7_8B95_F086954A45F5,1.0,Proposed,,,"Een doos bestaat meestal uit gevouwen karton, eventueel met lijm of plakband dichtgezet. In deze vorm heeft het vaak de vorm van een balk. Met een doos wordt meestal een grote kartonnen doos bedoeld, met geen andere functie dan verpakking of opslag. Voorbeelden zijn een verhuisdoos en een schoenendoos. Een ander soort doos is een tekendoos en is meestal van hout.",,1.0,
EAID_F28DDE36_7BE4_45f7_A820_FFF0261CAA4E,,Business object,Arjen Brienen,https://www.begrippenxl.nl/dso/nl/page/Kaart,2018-06-06 16:12:42,28062023-11:06:06,De geografische weergave van een gedeelte van het aardoppervlak,,nan,id-f28dde36-7be4-45f7-a820-fff0261caa4e,2022-12-12 16:28:22,Kaart,Kaart,EAPK_BB091186_D934_4ff7_8B95_F086954A45F5,1.0,Proposed,,,,,1.0,
EAID_F25EE5A8_2CF4_498b_8DAD_8EEE48FAF3A5,,Data object,Arjen Brienen,,2018-06-06 15:08:13,28062023-11:06:06,,,nan,id-f25ee5a8-2cf4-498b-8dad-8eee48faf3a5,2022-12-12 16:28:22,Locatie,locatie,EAPK_BB091186_D934_4ff7_8B95_F086954A45F5,1.0,Proposed,,,,,1.0,
EAID_4C1543FD_250B_4291_9B23_BC9D3D9C0C4A,,Data object,Arjen Brienen,,2019-02-05 16:18:27,28062023-11:06:06,Locatie van een magazijn,,nan,id-4c1543fd-250b-4291-9b23-bc9d3d9c0c4a,2022-12-12 16:28:22,Magazijnlocatie,Magazijnlocatie,EAPK_BB091186_D934_4ff7_8B95_F086954A45F5,1.0,Proposed,,,,,1.0,
EAID_F954FB72_AE88_4a0e_A3D8_555FCF8D9C9F,,Data object,Arjen Brienen,,2019-02-05 16:22:28,28062023-11:06:06,Het ergens neerzetten van een object in een magazijn.,,nan,id-f954fb72-ae88-4a0e-a3d8-555fcf8d9c9f,2022-12-12 16:28:22,MagazijnPlaatsing,Magazijnplaatsing,EAPK_BB091186_D934_4ff7_8B95_F086954A45F5,1.0,Proposed,,,,,1.0,
EAID_E42A32F7_262F_4005_9EB9_4674B76E8825,,Business object,Arjen Brienen,,2018-06-06 15:00:39,28062023-11:06:06,"Geheel van activiteiten uitgevoerd in een tijdelijk samenwerkingsverband gericht op het binnen bepaalde randvoorwaarden (bv. tijd, geld) bereiken van een vooraf gedefinieerd resultaat.",,nan,id-e42a32f7-262f-4005-9eb9-4674b76e8825,2022-12-12 16:28:22,Project,Project,EAPK_BB091186_D934_4ff7_8B95_F086954A45F5,1.0,Proposed,,,,,1.0,
EAID_17286CE1_21F2_454b_95A6_3E4C0C6E2453,,Data object,Arjen Brienen,https://thesaurus.cultureelerfgoed.nl/concept/abr:183fd493-d693-4c45-8571-a266ad39fa69/nl,2018-06-06 15:01:44,28062023-11:06:06,"Grondspoor, veelal verstevigd en gefundeerd aangelegd, bedoeld voor de tijdelijke opslag van danwel water (waterput) danwel uitwerpselen en afval (beerput).",,nan,id-17286ce1-21f2-454b-95a6-3e4c0c6e2453,2022-12-12 16:28:22,Put,Put,EAPK_BB091186_D934_4ff7_8B95_F086954A45F5,1.0,Proposed,,,,,1.0,
EAID_14939C33_2DCE_41bf_A2BE_FF1EDD292FE7,,Data object,Arjen Brienen,https://nl.wikipedia.org/wiki/Spoor_(overblijfsel),2018-06-06 15:02:07,28062023-11:06:06,Een blijk van eerdere aanwezigheid.,,nan,id-14939c33-2dce-41bf-a2be-ff1edd292fe7,2022-12-12 16:28:22,Spoor,Spoor,EAPK_BB091186_D934_4ff7_8B95_F086954A45F5,1.0,Proposed,,Overblijfsel,"In enge zin is het een afdruk in de grond, bijvoorbeeld van schoenen, voeten, poten of banden. Meer algemeen worden ook andere veranderingen op een locatie of route sporen genoemd, en, nog algemener, ook andere aanwijzingen voor te achterhalen informatie.",,1.0,
EAID_382D408F_41A3_49d2_9F66_DFFA6C75590D,,Data object,Arjen Brienen,https://thesaurus.cultureelerfgoed.nl/concept/cht:66fcf9b7-d52e-4bd1-8f09-eba772158a52/nl,2018-11-21 22:06:59,28062023-11:06:06,"Een systeem om goederen op te slaan die worden vervoerd en opgeslagen op pallets, in bundels of per stuk.(Wikipedia)",,nan,id-382d408f-41a3-49d2-9f66-dffa6c75590d,2022-12-12 16:28:22,Stelling,Stelling,EAPK_BB091186_D934_4ff7_8B95_F086954A45F5,1.0,Proposed,,Stellingkast,,,1.0,
EAID_0644BD52_8C2B_462d_94B9_9C99908952F5,,Data object,Arjen Brienen,https://nl.wikipedia.org/wiki/Vlak_(meetkunde),2018-06-06 15:01:55,28062023-11:06:06,"Plat, oneindig oppervlak of vari√´teit zonder enige kromming. ",,nan,id-0644bd52-8c2b-462d-94b9-9c99908952f5,2022-12-12 16:28:22,Vlak,Vlak,EAPK_BB091186_D934_4ff7_8B95_F086954A45F5,1.0,Proposed,,,,,1.0,
EAID_F8283401_70F8_41b8_A97C_32A9074AD4B1,,Business object,Arjen Brienen,https://thesaurus.cultureelerfgoed.nl/concept/rn:7992cd2c-8412-489c-8ce4-58bee5854df7/nl,2018-06-06 15:02:35,28062023-11:06:06,"Overblijfsel, voorwerp of ander spoor van menselijke aanwezigheid in het verleden afkomstig van een archeologisch monument",,nan,id-f8283401-70f8-41b8-a97c-32a9074ad4b1,2022-12-12 16:28:22,Vondst,Vondst,EAPK_BB091186_D934_4ff7_8B95_F086954A45F5,1.0,Proposed,,Archeologische vondst,,,1.0,
EAID_8417459E_2193_44a2_A1AC_38C39EA93CBF,,Data object,Arjen Brienen,,2018-06-06 15:02:19,28062023-11:06:06,"Dunne wegeringsplank gebruikt om de ruimte tussen de bovenste kimweger en de onderste balkweger op te vullen (Sopers, 1974).",,nan,id-8417459e-2193-44a2-a1ac-38c39ea93cbf,2022-12-12 16:28:22,Vulling,Vulling,EAPK_BB091186_D934_4ff7_8B95_F086954A45F5,1.0,Proposed,,Vullingen (plank),,,1.0,
EAID_2F2A3590_9B34_4ec5_B0AE_B487ED241155,,Data object,Arjen Brienen,,2018-06-28 15:40:55,28062023-11:06:06,"(officieel) verzoek, iets (officieel) vragen aan een bevoegde macht.",,nan,id-2f2a3590-9b34-4ec5-b0ae-b487ed241155,2022-12-12 16:28:22,Aanvraag,Aanvraag,EAPK_43857236_06A8_4277_864D_3C7A6277442B,1.0,Proposed,,,,,1.0,
EAID_E09E5B44_4D39_455a_B0A5_390A63AC0C43,,Business object,Arjen Brienen,,2018-06-28 15:26:01,28062023-11:06:06,De bewaarplaats van belangrijke gegevens die zijn vastgelegd in documentvorm alsook de verzameling van documenten die voor een bepaald doel vervaardigd zijn.,,nan,id-e09e5b44-4d39-455a-b0a5-390a63ac0c43,2022-12-12 16:28:22,Archief,Archief,EAPK_43857236_06A8_4277_864D_3C7A6277442B,1.0,Proposed,,,,,1.0,
EAID_66DB38CC_932D_462c_9791_C60237EA9B7A,,Data object,Arjen Brienen,,2018-06-28 15:26:49,28062023-11:06:06,Typologie van een archief conform landelijke indeling,,nan,id-66db38cc-932d-462c-9791-c60237ea9b7a,2022-12-12 16:28:22,Archiefcategorie,Archiefcategorie,EAPK_43857236_06A8_4277_864D_3C7A6277442B,1.0,Proposed,,,,,1.0,
EAID_369E453B_4C3A_48dc_9619_C36232B339D9,,Business object,Arjen Brienen,,2018-06-28 15:27:20,28062023-11:06:06,"Bijeengebrachte informatie, ongeacht het medium, die wordt gecre√´erd, ontvangen en gearchiveerd door een bureau, een instelling, een organisatie of een individu met het oog op het nakomen van wettelijke verplichtingen of het uitvoeren van zakelijke transacties.(AAT)",,nan,id-369e453b-4c3a-48dc-9619-c36232b339d9,2022-12-12 16:28:22,Archiefstuk,Archiefstuk,EAPK_43857236_06A8_4277_864D_3C7A6277442B,1.0,Proposed,,Archiefbescheiden,,,1.0,
EAID_BCAFBBCD_851E_4235_9D85_88EC71F2245B,,Business object,Arjen Brienen,,2018-07-02 10:18:05,28062023-11:06:06,De persoon die verantwoordelijk is voor de inhoud van een (digitaal) document,,nan,id-bcafbbcd-851e-4235-9d85-88ec71f2245b,2022-12-12 16:28:22,Auteur,Auteur,EAPK_43857236_06A8_4277_864D_3C7A6277442B,1.0,Proposed,,,,,1.0,
EAID_066C9C37_0FAF_4239_8D7D_B7EBE42E4918,,Business object,Arjen Brienen,,2018-07-02 10:19:03,28062023-11:06:06,Een persoon die iemand of iets bezoekt.,,nan,id-066c9c37-0faf-4239-8d7d-b7ebe42e4918,2022-12-12 16:28:22,Bezoeker,Bezoeker,EAPK_43857236_06A8_4277_864D_3C7A6277442B,1.0,Proposed,,,,,1.0,
EAID_604A6143_DE7F_4950_B3D4_DFB88C7F4670,,Business object,Arjen Brienen,,2018-06-28 15:43:33,28062023-11:06:06,Plaats waar iets bewaard wordt.,,nan,id-604a6143-de7f-4950-b3d4-dfb88c7f4670,2022-12-12 16:28:22,Depot,Depot,EAPK_43857236_06A8_4277_864D_3C7A6277442B,1.0,Proposed,,,,,1.0,
EAID_FEFE9DBE_921F_4cc4_99C5_972A9C5F4C6E,,Data object,Arjen Brienen,,2018-06-28 15:38:26,28062023-11:06:06,Bestand dat uitsluitend met behulp van besturingsprogrammatuur of toepassingsprogrammatuur geraadpleegd kunnen worden,,nan,id-fefe9dbe-921f-4cc4-99c5-972a9c5f4c6e,2022-12-12 16:28:22,DigitaalBestand,Digitaal Bestand,EAPK_43857236_06A8_4277_864D_3C7A6277442B,1.0,Proposed,,,,,1.0,
EAID_13119DEC_D451_4bec_BB37_7B1944ACCA9D,,Data object,Arjen Brienen,,2018-07-03 10:53:01,28062023-11:06:06,Onderwerpen groeperen in samenhangende categorie√´n.,,nan,id-13119dec-d451-4bec-bb37-7b1944acca9d,2022-12-12 16:28:22,Indeling,Indeling,EAPK_43857236_06A8_4277_864D_3C7A6277442B,1.0,Proposed,,Archiefindeling,,,1.0,
EAID_C45E0D5D_3B2F_40a7_B12C_B6E910C516FA,,Data object,Arjen Brienen,,2018-07-03 13:25:27,28062023-11:06:06,,,nan,id-c45e0d5d-3b2f-40a7-b12c-b6e910c516fa,2022-12-12 16:28:22,Index,Index,EAPK_43857236_06A8_4277_864D_3C7A6277442B,1.0,Proposed,,,,,1.0,
EAID_CA844994_4AAE_417f_82A3_31CA5432237A,,Data object,Arjen Brienen,,2018-06-28 15:46:17,28062023-11:06:06,Object met een permanent karakter dat dient om iets in te bergen en te beschermen.,,nan,id-ca844994-4aae-417f-82a3-31ca5432237a,2022-12-12 16:28:22,Kast,Kast,EAPK_43857236_06A8_4277_864D_3C7A6277442B,1.0,Proposed,,,,,1.0,
EAID_7A080605_07C5_4947_9B35_BC6EBE2041FA,,Business object,Arjen Brienen,,2018-07-03 13:24:45,28062023-11:06:06,"De bevoegdheid om gegevens te raadplegen, bepaalde plaatsen te betreden of een bepaalde taak uit te oefenen.",,nan,id-7a080605-07c5-4947-9b35-bc6ebe2041fa,2022-12-12 16:28:22,NadereToegang,Nadere Toegang,EAPK_43857236_06A8_4277_864D_3C7A6277442B,1.0,Proposed,,,,,1.0,
EAID_B61986A2_B8E7_4e69_AD55_E61771FDEEB4,,Data object,Arjen Brienen,,2018-07-03 15:43:25,28062023-11:06:06,Ordening om archief en collecties beter vindbaar en bruikbaar voor betrokkenen.,,nan,id-b61986a2-b8e7-4e69-ad55-e61771fdeeb4,2022-12-12 16:28:22,Ordeningsschema,Ordeningsschema,EAPK_43857236_06A8_4277_864D_3C7A6277442B,1.0,Proposed,,,,,1.0,
EAID_D9693C25_0F66_4504_BE2B_4BBF66071026,,Data object,Arjen Brienen,,2018-06-28 15:46:46,28062023-11:06:06,"Deel, plaat; stuk hout breder dan het dik is en langer dan breed.",,nan,id-d9693c25-0f66-4504-be2b-4bbf66071026,2022-12-12 16:28:22,Plank,Plank,EAPK_43857236_06A8_4277_864D_3C7A6277442B,1.0,Proposed,,,,,1.0,
EAID_9AE5BCE3_AD6D_4241_9651_823400E3745F,,Business object,Arjen Brienen,https://www.notarisvanlaere.be/woordenboek/R,2018-07-02 10:18:28,28062023-11:06:06,Een rechthebbende is iemand die rechten heeft op een goed.,,nan,id-9ae5bce3-ad6d-4241-9651-823400e3745f,2022-12-12 16:28:22,Rechthebbende,Rechthebbende,EAPK_43857236_06A8_4277_864D_3C7A6277442B,1.0,Proposed,,,,,1.0,
EAID_78DA1B42_4AF8_4650_81A0_7F2C3A450B3D,,Data object,Arjen Brienen,,2018-06-28 15:45:19,28062023-11:06:06,"Een systeem om goederen op te slaan die worden vervoerd en opgeslagen op pallets, in bundels of per stuk.(Wikipedia)",,nan,id-78da1b42-4af8-4650-81a0-7f2c3a450b3d,2022-12-12 16:28:22,Stelling,Stelling,EAPK_43857236_06A8_4277_864D_3C7A6277442B,1.0,Proposed,,,,,1.0,
EAID_59CF7225_3D61_42e2_A399_7EB13450D97D,,Business object,Arjen Brienen,,2018-07-02 10:18:12,28062023-11:06:06,Iemand die iets op de markt brengt; iemand die iets uitgeeft,,nan,id-59cf7225-3d61-42e2-a399-7eb13450d97d,2022-12-12 16:28:22,Uitgever,Uitgever,EAPK_43857236_06A8_4277_864D_3C7A6277442B,1.0,Proposed,,,,,1.0,
EAID_D7947186_4317_407b_A456_41DF5187E810,,Data object,Arjen Brienen,,2018-06-28 15:27:53,28062023-11:06:06,Een plek waar men iets gevonden heeft.,,nan,id-d7947186-4317-407b-a456-41df5187e810,2022-12-12 16:28:22,Vindplaats,Vindplaats,EAPK_43857236_06A8_4277_864D_3C7A6277442B,1.0,Proposed,,,,,1.0,
EAID_54944273_F312_44b2_A78D_43488F915429,,Business object,Arjen Brienen,,2019-07-03 15:42:28,28062023-11:06:06,Beroep waarbij een handwerker met gereedschap eindproducten maakt.,,nan,id-54944273-f312-44b2-a78d-43488f915429,2022-12-12 16:28:22,Ambacht,Ambacht,EAPK_F7651B45_2B64_4197_A6E5_BFC56EC98466,1.0,Proposed,,,,,1.0,
EAID_32C02923_EE3A_4553_B94B_31E0C273A829,,Business object,Arjen Brienen,,2019-07-03 15:12:51,28062023-11:06:06,"Status van de bescherming van een monument. Een monument / erfgoed is een overblijfsel van kunst, cultuur, architectuur of nijverheid dat van algemeen belang wordt geacht vanwege de historische, volkskundige, artistieke, wetenschappelijke, industrieel-archeologische of andere sociaal-culturele waarde. Vormen van monument / erfgoed met de status rijks- provinciaal- of gemeentelijke monument / erfgoed zijn beschermd op grond van een besluit van respectievelijk het Ministerie OCW, de provincie of de gemeente,",,nan,id-32c02923-ee3a-4553-b94b-31e0c273a829,2022-12-12 16:28:22,BeschermdeStatus,Beschermde Status,EAPK_F7651B45_2B64_4197_A6E5_BFC56EC98466,1.0,Proposed,,,,,1.0,
EAID_4AD539EC_A308_43da_B025_17A1647303F3,,Business object,Arjen Brienen,,2019-07-03 15:45:18,28062023-11:06:06,Het bouwen van een bouwwerk.,,nan,id-4ad539ec-a308-43da-b025-17a1647303f3,2022-12-12 16:28:22,Bouwactiviteit,Bouwactiviteit,EAPK_F7651B45_2B64_4197_A6E5_BFC56EC98466,1.0,Proposed,,,,,1.0,
EAID_8C0888C9_7B2E_4fcb_AEFF_E1733875CDCA,,Business object,Arjen Brienen,https://thesaurus.cultureelerfgoed.nl/concept/cht:f6cfd2c0-d452-4de8-985a-e67887b71c35/nl,2019-07-03 15:39:34,28062023-11:06:06,Trant van bouwen met bepaalde kenmerken in een bepaalde periode. In de betrokken tijdperken waren het geen levende voorstellingen; het zijn later geformuleerde (generaliserende) geschiedkundige constructies. Doelbewust komt deze tendens op sedert c. 1830. (Haslinghuis),,nan,id-8c0888c9-7b2e-4fcb-aeff-e1733875cdca,2022-12-12 16:28:22,Bouwstijl,Bouwstijl,EAPK_F7651B45_2B64_4197_A6E5_BFC56EC98466,1.0,Proposed,,,,,1.0,
EAID_5E9DAFBB_C9B5_4706_A43D_07AD4979DED4,,Data object,Arjen Brienen,,2019-07-03 15:39:43,28062023-11:06:06,Typering van een bouwstijl,,nan,id-5e9dafbb-c9b5-4706-a43d-07ad4979ded4,2022-12-12 16:28:23,Bouwtype,Bouwtype,EAPK_F7651B45_2B64_4197_A6E5_BFC56EC98466,1.0,Proposed,,,,,1.0,
EAID_49993EF9_ED8B_49e0_B8F7_FC7C8C28669D,,Data object,Arjen Brienen,,2019-07-03 15:39:16,28062023-11:06:06,De functie van een object na bouw of oplevering,,nan,id-49993ef9-ed8b-49e0-b8f7-fc7c8c28669d,2022-12-12 16:28:23,OorspronkelijkeFunctie,Oorspronkelijke Functie,EAPK_F7651B45_2B64_4197_A6E5_BFC56EC98466,1.0,Proposed,,,,,1.0,
EAID_71A5C565_C2CC_495f_910A_76C199C6AF0E,,Business object,Arjen,https://thesaurus.cultureelerfgoed.nl/concept/cht:ecdc5464-f065-4901-936d-077f39c18b79/nl,2019-08-15 11:32:27,28062023-11:06:06,Uit het verleden ge√´rfde materi√´le en immateri√´le objecten ,,nan,id-71a5c565-c2cc-495f-910a-76c199c6af0e,2022-12-12 16:28:23,ErfgoedObject,Erfgoed Object,EAPK_EDBB2231_6674_457d_84EF_1E0815AAA9E6,1.0,Proposed,,,"In de loop van de tijd tot stand gebracht door de mens of ontstaan uit de wisselwerking tussen mens en omgeving, die mensen, onafhankelijk van het bezit ervan, identificeren als een weerspiegeling en uitdrukking van zich voortdurend ontwikkelende waarden, overtuigingen, kennis en tradities, en die aan hen en toekomstige generaties een referentiekader bieden.",,1.0,
EAID_3BBB3264_592A_4d8c_A741_C2A3C38E3932,,Business object,Arjen,,2019-08-15 11:08:20,28062023-11:06:06,Natuurlijk persoon waarvan informatie beschikbaar is uit het verleden.,,nan,id-3bbb3264-592a-4d8c-a741-c2a3c38e3932,2022-12-12 16:28:23,HistorischPersoon,Historisch Persoon ,EAPK_EDBB2231_6674_457d_84EF_1E0815AAA9E6,1.0,Proposed,,,,,1.0,
EAID_65792171_62FA_4c35_930A_8B9C999ADC14,,Data object,Arjen,https://thesaurus.cultureelerfgoed.nl/concept/cht:1aa0b09c-439c-469e-ac5a-1ae980652813/nl,2019-08-15 13:21:48,28062023-11:06:06,"Systematische identificatie en ordening van objecten in categorie√´n overeenkomstig logisch gestructureerde conventies, methoden en procedureregels weergegeven in een classificatiesysteem.",,nan,id-65792171-62fa-4c35-930a-8b9c999adc14,2022-12-12 16:28:23,Objectclassificatie,ObjectClassificatie,EAPK_EDBB2231_6674_457d_84EF_1E0815AAA9E6,1.0,Proposed,,,,,1.0,
EAID_D1725B4A_DD7E_478f_999E_ECFD46D07B00,,,,,,,,,,,,Proxyconnector,ProxyConnector,EAPK_58964F0C_A75C_4eeb_A898_0001E954AA45,,,,,,,,
EAID_E98235C8_0A7C_4e6c_B182_4DFBF81CDAF5,,,,,,,,,,,,Proxyconnector,ProxyConnector,EAPK_58964F0C_A75C_4eeb_A898_0001E954AA45,,,,,,,,
EAID_A1C60F39_3074_4d1c_A37D_5F431F54DF92,,Business object,Arjen,https://geonovum.github.io/TPOD/CIMOW/CIMOW_v2.1.0.pdf,2019-08-12 13:24:51,28062023-11:06:06,"Ieder menselijk handelen waarbij, of ieder menselijk nalaten waardoor een verandering of effect in de (fysieke) leefomgeving wordt of kan worden bewerkstelligd. ",,nan,id-a1c60f39-3074-4d1c-a37d-5f431f54df92,2022-12-12 16:28:23,Activiteit,Activiteit,EAPK_BC31E8F4_1A54_4d7a_A3D5_C9B72022BBD9,1.0,Proposed,,,"Bijvoorbeeld: het lozen van afvalwater, het bouwen van hoogbouw, het exploiteren van een jachthaven. Het objecttype activiteit is een typering van alle activiteiten die bijvoorbeeld een initiatiefnemer kan uitvoeren in de leefomgeving. Er wordt geen specifieke activiteit bedoeld die een specifieke initiatiefnemer voornemens is om uit te voeren, maar het type activiteit waarover regels opgesteld zijn.",,1.0,
EAID_D77AB8CF_E4B1_49fd_BE78_FE358FF76F13,,Data object,Arjen,,2019-08-12 13:25:49,28062023-11:06:06,Typering van een activiteit,,nan,id-d77ab8cf-e4b1-49fd-be78-fe358ff76f13,2022-12-12 16:28:23,Activiteitsoort,Activiteitsoort,EAPK_BC31E8F4_1A54_4d7a_A3D5_C9B72022BBD9,1.0,Proposed,,,,,1.0,
EAID_EA2D32A2_5ED5_45c8_AC33_57C35981B3BC,,Business object,Arjen,,2019-08-12 10:59:59,28062023-11:06:06,Verkoop aan de balie,,nan,id-ea2d32a2-5ed5-45c8-ac33-57c35981b3bc,2022-12-12 16:28:23,Balieverkoop,Balieverkoop,EAPK_BC31E8F4_1A54_4d7a_A3D5_C9B72022BBD9,1.0,Proposed,,,,,1.0,
EAID_90E24064_EBB7_4ffc_9640_F7C31678899F,,Business object,Arjen,,2019-08-12 10:59:43,28062023-11:06:06,Verkoop van een entreekaart aan de balie,,nan,id-90e24064-ebb7-4ffc-9640-f7c31678899f,2022-12-12 16:28:23,BalieverkoopEntreekaart,Balieverkoop Entreekaart,EAPK_BC31E8F4_1A54_4d7a_A3D5_C9B72022BBD9,1.0,Proposed,,,,,1.0,
EAID_576642BA_9AF9_42fc_831A_F9D3138F20FC,,Business object,Arjen,https://thesaurus.cultureelerfgoed.nl/concept/cht:6d3f0f18-025e-4537-af2e-49265384d370/nl,2019-08-15 14:07:35,28062023-11:06:06,Een persoon wiens belang rechtstreeks bij een besluit is betrokken.,,nan,id-576642ba-9af9-42fc-831a-f9d3138f20fc,2022-12-12 16:28:23,Belanghebbende,Belanghebbende,EAPK_BC31E8F4_1A54_4d7a_A3D5_C9B72022BBD9,1.0,Proposed,,,,,1.0,
EAID_452312FD_05FB_4abc_A48B_C605F7E3E193,,Business object,Arjen,,2019-08-15 09:07:44,28062023-11:06:06,Lening voor tijdelijk gebruik,,nan,id-452312fd-05fb-4abc-a48b-c605f7e3e193,2022-12-12 16:28:23,Bruikleen,Bruikleen,EAPK_BC31E8F4_1A54_4d7a_A3D5_C9B72022BBD9,1.0,Proposed,,,,,1.0,
EAID_6DC28A18_DF54_4b92_A592_5F717935CA67,,Business object,Arjen,https://thesaurus.cultureelerfgoed.nl/concept/cht:91b90dd9-2b48-4131-bb43-5c6cdbc6bfa7/nl,2019-08-15 09:06:40,28062023-11:06:06,Een verzameling van verworven voorwerpen die is samengesteld op grond van vastgestelde criteria.,,nan,id-6dc28a18-df54-4b92-a592-5f717935ca67,2022-12-12 16:28:23,Collectie,Collectie,EAPK_BC31E8F4_1A54_4d7a_A3D5_C9B72022BBD9,1.0,Proposed,,,,,1.0,
EAID_0598561F_667E_4926_9BF5_66A928358E9F,,Data object,Arjen,,2019-08-12 13:25:14,28062023-11:06:06,"Een groep mensen of klanten die een bedrijf of organisatie wil benaderen om een product, dienst of informatie onder de aandacht te brengen",,nan,id-0598561f-667e-4926-9bf5-66a928358e9f,2022-12-12 16:28:23,Doelgroep,Doelgroep,EAPK_BC31E8F4_1A54_4d7a_A3D5_C9B72022BBD9,1.0,Proposed,,,,,1.0,
EAID_E46CB962_A2BC_4656_A0C1_D7DBCCA0C528,,Business object,Arjen,,2019-08-12 11:40:09,28062023-11:06:06,Bewijs van toegang tot een gebouw of voorstelling,,nan,id-e46cb962-a2bc-4656-a0c1-d7dbcca0c528,2022-12-12 16:28:23,Entreekaart,Entreekaart,EAPK_BC31E8F4_1A54_4d7a_A3D5_C9B72022BBD9,1.0,Proposed,,Toegangsbewijs,,,1.0,
EAID_A6B99E10_90BA_4869_951E_F802062ED0CD,,Data object,Arjen,,2019-08-12 13:23:26,28062023-11:06:06,Schriftelijke rekening of nota voor de geleverde zaken of verrichte diensten.,,nan,id-a6b99e10-90ba-4869-951e-f802062ed0cd,2022-12-12 16:28:23,Factuur,Factuur,EAPK_BC31E8F4_1A54_4d7a_A3D5_C9B72022BBD9,1.0,Proposed,,,,,1.0,
EAID_CE85A5E9_AD75_40e7_8EBF_A484E4CBEEDC,,Data object,Arjen,,2019-08-15 09:10:20,28062023-11:06:06,Niet-gepland(e) gebeurtenis die of voorval dat tot schade of verlies leidt,,nan,id-ce85a5e9-ad75-40e7-8ebf-a484e4cbeedc,2022-12-12 16:28:23,Incident,Incident,EAPK_BC31E8F4_1A54_4d7a_A3D5_C9B72022BBD9,1.0,Proposed,,,,,1.0,
EAID_68C42EEA_6985_483e_99E6_E0F1FB71D622,,Business object,Arjen,,2019-08-15 09:10:04,28062023-11:06:06,"Iemand die iets te leen krijgt, met name iemand die boeken, digitale bestanden of apparatuur leent bij een museum, bibliotheek, mediatheek of een andere uitleeninstantie",,nan,id-68c42eea-6985-483e-99e6-e0f1fb71d622,2022-12-12 16:28:23,Lener,Lener,EAPK_BC31E8F4_1A54_4d7a_A3D5_C9B72022BBD9,1.0,Proposed,,,,,1.0,
EAID_48BCF2C2_609C_4e4c_991E_8BDA80E0C7C7,,Data object,Arjen,,2019-08-12 13:23:59,28062023-11:06:06,Per post verstuurde inhoud,,nan,id-48bcf2c2-609c-4e4c-991e-8bda80e0c7c7,2022-12-12 16:28:23,Mailing,Mailing,EAPK_BC31E8F4_1A54_4d7a_A3D5_C9B72022BBD9,1.0,Proposed,,,,,1.0,
EAID_BBCF9DBE_70AD_431c_B698_7F0D69D07050,,Business object,Arjen,,2019-08-15 09:06:54,28062023-11:06:06,"Beschrijving van een fenomeen in de werkelijkheid met een zekere cultuurhistorische waarde die deel uitmaakt van de culthuurhistorisch object index. Een museum object kan gedifini√´erd worden als een object met betrekking tot gebouwd, archeologisch, roerend of cultuurlandschappelijk erfgoed. Denk hierbij bijvoorbeeld aan een gebouwd of archeologisch rijksmonument, een schilderij of een beschermd stads- of dorpsgezicht.",,nan,id-bbcf9dbe-70ad-431c-b698-7f0d69d07050,2022-12-12 16:28:23,Museumobject,Museumobject,EAPK_BC31E8F4_1A54_4d7a_A3D5_C9B72022BBD9,1.0,Proposed,,,,,1.0,
EAID_C73389B7_7BCD_4496_888B_6ABEE9DE01FB,,Data object,Arjen,,2019-08-12 13:23:49,28062023-11:06:06,Betrekking waarin het museum en personen tot elkaar staan,,nan,id-c73389b7-7bcd-4496-888b-6abee9de01fb,2022-12-12 16:28:23,Museumrelatie,Museumrelatie,EAPK_BC31E8F4_1A54_4d7a_A3D5_C9B72022BBD9,1.0,Proposed,,,,,1.0,
EAID_2A7D73D7_87EA_4b61_88BB_F061DDBF52D9,,Data object,Arjen,,2019-08-12 11:00:37,28062023-11:06:06,"Artikelen worden gebruikt om omzet te registreren in de shop, de horeca of elders. De omzet wordt vervolgens getotaliseerd op rapportages. Om de artikelen te groeperen moet ieder artikel tot een omzetgroep behoren.",,nan,id-2a7d73d7-87ea-4b61-88bb-f061ddbf52d9,2022-12-12 16:28:23,Omzetgroep,Omzetgroep,EAPK_BC31E8F4_1A54_4d7a_A3D5_C9B72022BBD9,1.0,Proposed,,,,,1.0,
EAID_BF7BAB5F_7025_4792_8288_47F5B1C53E95,,Business object,Arjen,,2019-08-12 11:21:18,28062023-11:06:06,De te betalen hoeveelheid geld,,nan,id-bf7bab5f-7025-4792-8288-47f5b1c53e95,2022-12-12 16:28:23,Prijs,Prijs,EAPK_BC31E8F4_1A54_4d7a_A3D5_C9B72022BBD9,1.0,Proposed,,,,,1.0,
EAID_FF566C6B_077B_4914_8AF7_40EB1EDD388A,,Data object,Arjen,,2019-08-12 10:56:04,28062023-11:06:06,Het resultaat van een proces dat in het economisch verkeer een waarde bezit.,,nan,id-ff566c6b-077b-4914-8af7-40eb1edd388a,2022-12-12 16:28:23,Product,Product,EAPK_BC31E8F4_1A54_4d7a_A3D5_C9B72022BBD9,1.0,Proposed,,,,,1.0,
EAID_42EBA101_3E51_46d5_A234_EC7BA991D3AF,,Data object,Arjen,,2019-08-12 11:00:54,28062023-11:06:06,Groepering van producten,,nan,id-42eba101-3e51-46d5-a234-ec7ba991d3af,2022-12-12 16:28:23,Productgroep,Productgroep,EAPK_BC31E8F4_1A54_4d7a_A3D5_C9B72022BBD9,1.0,Proposed,,,,,1.0,
EAID_D3EF17C3_8100_4a61_9E67_F20924C15CEA,,Business object,Arjen,,2019-08-12 13:25:37,28062023-11:06:06,"Een (deel van een) productiemiddel, dat zelfstandig (ofwel onafhankelijk van de andere delen van het desbetreffende productiemiddel) kan worden ingezet.",,nan,id-d3ef17c3-8100-4a61-9e67-f20924c15cea,2022-12-12 16:28:23,ProductieEenheid,Productie-eenheid,EAPK_BC31E8F4_1A54_4d7a_A3D5_C9B72022BBD9,1.0,Proposed,,,,,1.0,
EAID_3B84D5F0_FCA3_47a5_B90C_F0834DAD6EBD,,Data object,Arjen,,2019-08-12 13:23:12,28062023-11:06:06,"Een tijdelijke, flexibele organisatiestructuur, die is opgezet om de implementatie van een verzameling met elkaar samenhangende projecten en activiteiten te co√∂rdineren, te sturen en te controleren teneinde te zorgen voor de realisatie van de eindresultaten en benefits die zijn gerelateerd aan de strategische doelstellingen van de organisatie.",,nan,id-3b84d5f0-fca3-47a5-b90c-f0834dad6ebd,2022-12-12 16:28:23,Programma,Programma,EAPK_BC31E8F4_1A54_4d7a_A3D5_C9B72022BBD9,1.0,Proposed,,,,,1.0,
EAID_43EF5733_B976_4f21_9906_5349FD861BB5,,Data object,Arjen,,2019-08-12 13:26:00,28062023-11:06:06,Typering van een programma,,nan,id-43ef5733-b976-4f21-9906-5349fd861bb5,2022-12-12 16:28:23,Programmasoort,Programmasoort,EAPK_BC31E8F4_1A54_4d7a_A3D5_C9B72022BBD9,1.0,Proposed,,,,,1.0,
EAID_11AB7925_5C96_4615_92F6_4055935221A0,,Business object,Arjen,,2019-08-14 15:02:48,28062023-11:06:06,"Het vooraf bespreken van een plaats in een openbare gelegenheid, vervoermiddel, restaurant e.d.",,nan,id-11ab7925-5c96-4615-92f6-4055935221a0,2022-12-12 16:28:23,Reservering,Reservering,EAPK_BC31E8F4_1A54_4d7a_A3D5_C9B72022BBD9,1.0,Proposed,,,,,1.0,
EAID_2EE54C3D_0D8B_440e_A4A4_031273313901,,Business object,Arjen,,2019-08-12 13:22:59,28062023-11:06:06,Bezichtiging met toelichting,,nan,id-2ee54c3d-0d8b-440e-a4a4-031273313901,2022-12-12 16:28:23,Rondleiding,Rondleiding,EAPK_BC31E8F4_1A54_4d7a_A3D5_C9B72022BBD9,1.0,Proposed,,,,,1.0,
EAID_E5566AF6_3D43_4b2f_B658_F67F6C1C511D,,Business object,Arjen,,2019-08-15 10:58:21,28062023-11:06:06,"Iemand die stukken informatie samenbrengt in tentoonstelingen, presentaties en naslagwerken.",,nan,id-e5566af6-3d43-4b2f-b658-f67f6c1c511d,2022-12-12 16:28:23,Samensteller,Samensteller,EAPK_BC31E8F4_1A54_4d7a_A3D5_C9B72022BBD9,1.0,Proposed,,,,,1.0,
EAID_98F3132E_F97A_4f49_B4F5_28618BB693F8,,Business object,Arjen,https://www.gemmaonline.nl/index.php/Informatiemodel_Zaken_(RGBZ),2019-08-15 09:09:49,28062023-11:06:06,"vanaf een vaste locatie te koop aanbieden, verkopen of afleveren van goederen of aanbieden van diensten, gebruikmakend van fysieke middelen zoals een kraam, een wagen of een tafel",,nan,id-98f3132e-f97a-4f49-b4f5-28618bb693f8,2022-12-12 16:28:23,Standplaats,Standplaats,EAPK_BC31E8F4_1A54_4d7a_A3D5_C9B72022BBD9,1.0,Proposed,,,,,1.0,
EAID_069C9894_5E07_4c95_AC28_EB4A5EBFD165,,Business object,Arjen,,2019-08-14 15:30:28,28062023-11:06:06,Een uitstalling van voorwerpen om door het grote publiek bekeken te worden.,,nan,id-069c9894-5e07-4c95-ac28-eb4a5ebfd165,2022-12-12 16:28:23,Tentoonstelling,Tentoonstelling,EAPK_BC31E8F4_1A54_4d7a_A3D5_C9B72022BBD9,1.0,Proposed,,,,,1.0,
EAID_8D3666E3_F2DA_4cba_BF67_EFED9AAD97CC,,Data object,Arjen,,2019-08-12 13:22:46,28062023-11:06:06,Middel om services/maatregelen in te vullen.,,nan,id-8d3666e3-f2da-4cba-bf67-efed9aad97cc,2022-12-12 16:28:23,Voorziening,Voorziening,EAPK_BC31E8F4_1A54_4d7a_A3D5_C9B72022BBD9,1.0,Proposed,,,,,1.0,
EAID_CE76218E_E56C_4c15_A29B_5EB14B7E084F,,Business object,Arjen,,2019-08-12 13:23:38,28062023-11:06:06,Groepering van winkelverkopen,,nan,id-ce76218e-e56c-4c15-a29b-5eb14b7e084f,2022-12-12 16:28:23,Winkelverkoopgroep,Winkelverkoopgroep,EAPK_BC31E8F4_1A54_4d7a_A3D5_C9B72022BBD9,1.0,Proposed,,,,,1.0,
EAID_9D19BC40_5EED_408d_AFA3_7C16F8E7E65F,,Data object,Arjen,,2019-08-12 11:00:25,28062023-11:06:06,Onderdeel in de winkelvoorraad,,nan,id-9d19bc40-5eed-408d-afa3-7c16f8e7e65f,2022-12-12 16:28:23,Winkelvoorraaditem,Winkelvoorraaditem,EAPK_BC31E8F4_1A54_4d7a_A3D5_C9B72022BBD9,1.0,Proposed,,,,,1.0,
EAID_6850BC5E_444E_4d33_A8A7_9B345502E275,,Data object,Arjen,,2019-08-12 13:22:35,28062023-11:06:06,Grote ruimte in een gebouw,,nan,id-6850bc5e-444e-4d33-a8a7-9b345502e275,2022-12-12 16:28:23,Zaal,Zaal,EAPK_BC31E8F4_1A54_4d7a_A3D5_C9B72022BBD9,1.0,Proposed,,,,,1.0,
EAID_0C8A7D1C_78AB_4041_B809_4E623B151AF8,,,,,,,,,,,,Proxyconnector,ProxyConnector,EAPK_679330EA_F82A_4e75_9BA3_D61B94798B91,,,,,,,,
EAID_B20318D0_EB2F_4ba1_B2BE_2BDDD4846143,,,,,,,,,,,,Proxyconnector,ProxyConnector,EAPK_679330EA_F82A_4e75_9BA3_D61B94798B91,,,,,,,,
EAID_BADEA7EB_6D8A_4897_8652_562D161CB303,,,,,,,,,,,,Proxyconnector,ProxyConnector,EAPK_679330EA_F82A_4e75_9BA3_D61B94798B91,,,,,,,,
EAID_D41DFD6D_FEF0_4180_8ED2_9A95418AA939,,,,,,,,,,,,Proxyconnector,ProxyConnector,EAPK_679330EA_F82A_4e75_9BA3_D61B94798B91,,,,,,,,
EAID_9E01AD8B_D856_4a58_9CE1_06C70F628350,,Business object,Arjen Brienen,https://data.crow.nl/thesaurus/term/735B2275-9052-4DD2-9F86-9EC796BDC483,2019-07-11 15:31:28,28062023-11:06:06,"Op of in het oppervlak van de verharding aangebrachte tekens ter geleiding, waarschuwing, regeling of informatie van het verkeer",,nan,id-9e01ad8b-d856-4a58-9ce1-06c70f628350,2022-12-12 16:28:23,Belijning,Belijning,EAPK_D6E7B2AB_8AD0_4c88_8742_3970AEDB4203,1.0,Proposed,,,,,1.0,
EAID_D9F56210_BF72_42e4_A1BC_AD7F683D55A0,,Business object,Arjen Brienen,,2019-07-08 17:08:46,28062023-11:06:06,Aantal deelnemers aan een activiteit,,nan,id-d9f56210-bf72-42e4-a1bc-ad7f683d55a0,2022-12-12 16:28:23,Bezetting,Bezetting,EAPK_D6E7B2AB_8AD0_4c88_8742_3970AEDB4203,1.0,Proposed,,,,,1.0,
EAID_6508657D_7C3F_4261_B647_5D3B077A20F9,,Business object,Arjen Brienen,,2019-07-08 17:08:39,28062023-11:06:06,Locatie binnen een gebouw,,nan,id-6508657d-7c3f-4261-b647-5d3b077a20f9,2022-12-12 16:28:23,Binnenlocatie,Binnenlocatie,EAPK_D6E7B2AB_8AD0_4c88_8742_3970AEDB4203,1.0,Proposed,,,,,1.0,
EAID_5C8F7563_D1FF_4622_8565_F48A1BCAB9E3,,Business object,Arjen Brienen,,2019-07-08 17:11:34,28062023-11:06:06,"Kosten voor het onderhoud van iemand of iets, hetzij om te voorzien in de levensbehoeften van personen, hetzij voor de instandhouding en verzorging van zaken.",,nan,id-5c8f7563-d1ff-4622-8565-f48a1bcab9e3,2022-12-12 16:28:23,Onderhoudskosten,Onderhoudskosten,EAPK_D6E7B2AB_8AD0_4c88_8742_3970AEDB4203,1.0,Proposed,,,,,1.0,
EAID_BE5E10D0_FD83_4b0a_B5D2_4A7EE6B9C53B,,Business object,Arjen Brienen,,2019-07-11 16:32:05,28062023-11:06:06,Locatie waar de betreffende sport plaatsvindt,,nan,id-be5e10d0-fd83-4b0a-b5d2-4a7ee6b9c53b,2022-12-12 16:28:23,Sportlocatie,Sportlocatie,EAPK_D6E7B2AB_8AD0_4c88_8742_3970AEDB4203,1.0,Proposed,,,,,1.0,
EAID_5B64A5F8_64B5_4d1b_BEDD_486ED2C2C493,,Business object,Arjen Brienen,,2019-07-11 15:31:36,28062023-11:06:06,Materieel om sport mee te beoefenen of ter odnersteuning van de sportuitvoering.,,nan,id-5b64a5f8-64b5-4d1b-bedd-486ed2c2c493,2022-12-12 16:28:23,Sportmateriaal,Sportmateriaal,EAPK_D6E7B2AB_8AD0_4c88_8742_3970AEDB4203,1.0,Proposed,,,,,1.0,
EAID_FE1A2EF2_44FA_46fa_A583_7BAB858E17FD,,Business object,Arjen Brienen,https://www.ensie.nl/wiktionary/sportpark,2019-07-08 17:08:51,28062023-11:06:06,"Geheel van terreinen, gebouwen en voorzieningen voor verschillende takken van sport.",,nan,id-fe1a2ef2-44fa-46fa-a583-7bab858e17fd,2022-12-12 16:28:23,Sportpark,Sportpark,EAPK_D6E7B2AB_8AD0_4c88_8742_3970AEDB4203,1.0,Proposed,,Sportterrein,,,1.0,
EAID_852AD372_B353_49c2_A4E7_F87D8AA96AD7,,Business object,Arjen Brienen,,2019-07-08 17:08:29,28062023-11:06:06,Organisatievorm waarin sport bedreven kan worden,,nan,id-852ad372-b353-49c2-a4e7-f87d8aa96ad7,2022-12-12 16:28:23,Sportvereniging,Sportvereniging,EAPK_D6E7B2AB_8AD0_4c88_8742_3970AEDB4203,1.0,Proposed,,,,,1.0,
EAID_D1889096_CC76_48a8_A9DF_8151FFF1E0AC,,Business object,Arjen Brienen,https://www.ensie.nl/wiktionary/veld,2019-07-08 17:08:54,28062023-11:06:06,Een stuk land dat speciaal voor het bedrijven van een veldsport gereedgemaakt is,,nan,id-d1889096-cc76-48a8-a9df-8151fff1e0ac,2022-12-12 16:28:23,Veld,Veld,EAPK_D6E7B2AB_8AD0_4c88_8742_3970AEDB4203,1.0,Proposed,,,,,1.0,
EAID_9547BC67_7488_4d9a_B651_2B69A62D789F,,Data object,mkampen,,2022-02-14 14:40:41,28062023-11:06:06,"Ieder menselijk handelen waarbij, of ieder menselijk nalaten waardoor een verandering of effect in de (fysieke) leefomgeving wordt of kan worden bewerkstelligd. ",,nan,id-9547bc67-7488-4d9a-b651-2b69a62d789f,2022-12-12 16:28:24,Activiteit,Activiteit,EAPK_AA7AC6CA_3F75_4f72_9941_AC3710C5F46A,1.0,Proposed,,,,,1.0,
EAID_FDEB42B6_5D93_46bf_9B5C_10F42BA4AC26,,Data object,aashkpour,,2020-11-30 14:06:39,28062023-11:06:06,,,nan,id-fdeb42b6-5d93-46bf-9b5c-10f42ba4ac26,2022-12-12 16:28:24,AOMStatus,AOMstatus,EAPK_AA7AC6CA_3F75_4f72_9941_AC3710C5F46A,1.0,Proposed,,,,,1.0,
EAID_ED0D0224_0A30_435b_AB25_87FDA8DF4078,,Data object,aashkpour,,2022-08-10 13:59:39,28062023-11:06:06,,,nan,id-ed0d0224-0a30-435b-ab25-87fda8df4078,2022-12-12 16:28:24,Bevinding,Bevinding,EAPK_AA7AC6CA_3F75_4f72_9941_AC3710C5F46A,1.0,Proposed,,,,,1.0,
EAID_90B2A249_8D88_4a14_979F_672223D98E8C,,Business object,Arjen Brienen,https://www.justis.nl/producten/boa,2019-04-16 10:36:35,28062023-11:06:06,Een buitengewoon opsporingsambtenaar (boa) is een ambtenaar met een specifieke opsporingsbevoegdheid.,,nan,id-90b2a249-8d88-4a14-979f-672223d98e8c,2022-12-12 16:28:24,BOA,BOA,EAPK_AA7AC6CA_3F75_4f72_9941_AC3710C5F46A,1.0,Proposed,,,,,1.0,
EAID_43D57BB8_C2E4_4b5a_A41C_C5CEC9D3877D,,Business object,Arjen Brienen,,2019-05-09 14:51:11,28062023-11:06:06,Arjen deze  is voor jou,,nan,id-43d57bb8-c2e4-4b5a-a41c-c5cec9d3877d,2022-12-12 16:28:24,Combibon,Combibon,EAPK_AA7AC6CA_3F75_4f72_9941_AC3710C5F46A,1.0,Proposed,,,,,1.0,
EAID_FF9A4A36_6674_4590_BC33_7B6DC5256490,,Business object,Arjen Brienen,,2019-04-16 10:36:20,28062023-11:06:06,Adminstreren van fietsen,,nan,id-ff9a4a36-6674-4590-bc33-7b6dc5256490,2022-12-12 16:28:24,Fietsregistratie,Fietsregistratie,EAPK_AA7AC6CA_3F75_4f72_9941_AC3710C5F46A,1.0,Proposed,,,,,1.0,
EAID_94E2B19A_6942_4164_8A52_3C0BBDE45808,,Data object,mkampen,,2022-02-14 14:41:03,28062023-11:06:06,,,nan,id-94e2b19a-6942-4164-8a52-3c0bbde45808,2022-12-12 16:28:24,Grondslag,Grondslag,EAPK_AA7AC6CA_3F75_4f72_9941_AC3710C5F46A,1.0,Proposed,,,,,1.0,
EAID_3D2D5426_653C_485c_A99C_8AD933E76D78,,Business object,Arjen Brienen,,2019-04-18 10:56:20,28062023-11:06:06,"De maatstaf waarop een belasting is gebaseerd, het bedrag op basis waarvan een bepaalde belasting wordt geheven of de premie voor sociale zekerheid wordt vastgesteld.",,nan,id-3d2d5426-653c-485c-a99c-8ad933e76d78,2022-12-12 16:28:24,Heffinggrondslag,Heffinggrondslag,EAPK_AA7AC6CA_3F75_4f72_9941_AC3710C5F46A,1.0,Proposed,,,,,1.0,
EAID_C29CCD49_04E2_44b4_A6B0_AD8B10552628,,Business object,Arjen Brienen,,2019-04-18 10:54:17,28062023-11:06:06,,,nan,id-c29ccd49-04e2-44b4-a6b0-ad8b10552628,2022-12-12 16:28:24,Heffingsverordening,Heffingsverordening,EAPK_AA7AC6CA_3F75_4f72_9941_AC3710C5F46A,1.0,Proposed,,,,,1.0,
EAID_E9AD325A_49CF_48a6_AA9E_7FB57E03E414,,Data object,Arjen Brienen,,2019-04-18 15:45:30,28062023-11:06:06,Persoon die meldiing of aanvraag doet,,nan,id-e9ad325a-49cf-48a6-aa9e-7fb57e03e414,2022-12-12 16:28:24,Indiener,Indiener,EAPK_AA7AC6CA_3F75_4f72_9941_AC3710C5F46A,1.0,Proposed,,,,,1.0,
EAID_F73901FC_A78E_486f_B6C6_74CFCBE26CAB,,Business object,aashkpour,https://aquo.begrippenxl.nl/aquo/nl/page/Id-92cbea5b-2ab6-4a0d-9b7c-ffc20c850787,2022-08-08 14:30:16,28062023-11:06:06,"het inwinnen, verwerken en interpreteren van informatie met het doel om de momentane toestand van de boezemkade vast te stellen.",,nan,id-f73901fc-a78e-486f-b6c6-74cfcbe26cab,2022-12-12 16:28:24,Inspectie,Inspectie,EAPK_AA7AC6CA_3F75_4f72_9941_AC3710C5F46A,1.0,Proposed,,,,,1.0,
EAID_0E4A8F94_ED08_43dc_9F78_C9DD17D34690,,Data object,aashkpour,,2022-05-30 14:45:46,28062023-11:06:06,,,nan,id-0e4a8f94-ed08-43dc-9f78-c9dd17d34690,2022-12-12 16:28:24,Kosten,Kosten,EAPK_AA7AC6CA_3F75_4f72_9941_AC3710C5F46A,1.0,Proposed,,,,,1.0,
EAID_7F9392E5_6E43_4880_AF14_819E32A86204,,Data object,aashkpour,,2022-05-30 14:52:05,28062023-11:06:06,,,nan,id-7f9392e5-6e43-4880-af14-819e32a86204,2022-12-12 16:28:24,LegesGrondslag,Leges_Grondslag,EAPK_AA7AC6CA_3F75_4f72_9941_AC3710C5F46A,1.0,Proposed,,,,,1.0,
EAID_872A0342_EA75_418e_9455_E51875BFD771,,Business object,Arjen Brienen,https://lokaleregelgeving.overheid.nl/CVDR652715,2019-05-02 16:15:28,28062023-11:06:06,Tijdelijke toestemming voor het innemen van een ligplaats op een locatie in een gebied met een verbod op ligplaatsen.,,nan,id-872a0342-ea75-418e-9455-e51875bfd771,2022-12-12 16:28:24,Ligplaatsontheffing,Ligplaatsontheffing,EAPK_AA7AC6CA_3F75_4f72_9941_AC3710C5F46A,1.0,Proposed,,,,,1.0,
EAID_80F23226_8DD8_4926_B8F1_F2A3C01A29BF,,Data object,aashkpour,,2020-09-09 16:09:39,28062023-11:06:06,,,nan,id-80f23226-8dd8-4926-b8f1-f2a3c01a29bf,2022-12-12 16:28:24,MORAanvraagOfMelding,MORAanvraagOfMelding,EAPK_AA7AC6CA_3F75_4f72_9941_AC3710C5F46A,1.0,Proposed,,,,,1.0,
EAID_B2B423C3_B9C9_4b4f_A47D_85D29417B9B4,,Business object,Arjen Brienen,,2019-05-02 16:03:27,28062023-11:06:06,Activiteit in het publieke domein,,nan,id-b2b423c3-b9c9-4b4f-a47d-85d29417b9b4,2022-12-12 16:28:24,OpenbareActiviteit,OpenbareActiviteit,EAPK_AA7AC6CA_3F75_4f72_9941_AC3710C5F46A,1.0,Proposed,,,,,1.0,
EAID_13BB343D_A595_43c9_8208_9BC5B05B618C,,Business object,Arjen Brienen,,2019-05-07 15:38:38,28062023-11:06:06,"Belasting die specifiek wordt geheven voor het plaatsen van voorwerpen onder, op of boven voor de openbare dienst bestemde gemeentegrond. ",,nan,id-13bb343d-a595-43c9-8208-9bc5b05b618c,2022-12-12 16:28:24,Precario,Precario,EAPK_AA7AC6CA_3F75_4f72_9941_AC3710C5F46A,1.0,Proposed,,,,,1.0,
EAID_03B4B3C0_3616_4ea2_A8B1_3D6754325F02,,Data object,mkampen,,2022-02-14 14:33:55,28062023-11:06:06,,,nan,id-03b4b3c0-3616-4ea2-a8b1-3d6754325f02,2022-12-12 16:28:24,Producttype,ProductType,EAPK_AA7AC6CA_3F75_4f72_9941_AC3710C5F46A,1.0,Proposed,,,,,1.0,
EAID_0DB447E3_B31B_4f07_8E35_7E77D0AAEF80,,Data object,mkampen,,2022-02-14 14:34:17,28062023-11:06:06,,,nan,id-0db447e3-b31b-4f07-8e35-7e77d0aaef80,2022-12-12 16:28:24,SubProducttype,SubProductType,EAPK_AA7AC6CA_3F75_4f72_9941_AC3710C5F46A,1.0,Proposed,,,,,1.0,
EAID_D12123D3_D62D_4978_B7D4_8405F00A0D6A,,Business object,Arjen Brienen,https://www.begrippenxl.nl/aquo/nl/page/Id-b0b6883a-5e6b-4c5e-ba23-477cb6c0578d,2019-05-09 15:32:41,28062023-11:06:06,"Een zee- of binnenvaartuig, tot de vaart gebruikt of bestemd, daaronder begrepen drijvende werktuigen, zoals baggerwerktuigen, kranen, bokken, elevators, alsmede woonschepen, glijboten en ponten.",,nan,id-d12123d3-d62d-4978-b7d4-8405f00a0d6a,2022-12-12 16:28:24,Vaartuig,Vaartuig,EAPK_AA7AC6CA_3F75_4f72_9941_AC3710C5F46A,1.0,Proposed,,,,,1.0,
EAID_44B26957_BAA4_41c2_ABBF_CC1AC91D30D6,,Data object,Arjen Brienen,,2019-05-08 14:16:31,28062023-11:06:06,"VOM staat voor Vergunning, Ontheffing of Melding. Het betreft hier een melding of een aanvraag voor een vergunning of een ontheffing.",,nan,id-44b26957-baa4-41c2-abbf-cc1ac91d30d6,2022-12-12 16:28:24,VomAanvraagOfMelding,VOMAanvraagOfMelding,EAPK_AA7AC6CA_3F75_4f72_9941_AC3710C5F46A,1.0,Proposed,,,,,1.0,
EAID_341942C1_0F72_4e13_ADD1_235805BB81C0,,Data object,aashkpour,,2022-05-30 14:18:38,28062023-11:06:06,,,nan,id-341942c1-0f72-4e13-add1-235805bb81c0,2022-12-12 16:28:24,Vordering,Vordering,EAPK_AA7AC6CA_3F75_4f72_9941_AC3710C5F46A,1.0,Proposed,,,,,1.0,
EAID_E9AEF0A9_11BC_4d2a_BC48_FB77F04EF9A6,,Business object,Arjen Brienen,,2019-04-16 10:36:04,28062023-11:06:06,"Melding met betrekking tot Vergunningen, Toezicht en Handhaving",,nan,id-e9aef0a9-11bc-4d2a-bc48-fb77f04ef9a6,2022-12-12 16:28:24,VTHMelding,VTH-Melding,EAPK_AA7AC6CA_3F75_4f72_9941_AC3710C5F46A,1.0,Proposed,,,,,1.0,
EAID_EAC249B9_13F7_472b_A971_05ED32006F04,,Data object,Arjen Brienen,,2019-05-09 16:02:38,28062023-11:06:06,"VTH staat voor Vergunning, Toezicht en Handhaving. Het betreft hier een melding of een aanvraag voor een vergunning of een melding voor Toezicht en/of Handhaving.",,nan,id-eac249b9-13f7-472b-a971-05ed32006f04,2022-12-12 16:28:24,VTHAanvraagOfMelding,VTHAanvraagOfMelding,EAPK_AA7AC6CA_3F75_4f72_9941_AC3710C5F46A,1.0,Proposed,,,,,1.0,
EAID_88AF7A2E_C508_464a_AD22_DD9B156D570D,,Data object,aashkpour,,2020-09-09 16:33:02,28062023-11:06:06,,,nan,id-88af7a2e-c508-464a-ad22-dd9b156d570d,2022-12-12 16:28:24,VTHZaak,VTHzaak,EAPK_AA7AC6CA_3F75_4f72_9941_AC3710C5F46A,1.0,Proposed,,,,,1.0,
EAID_DDC990BC_C026_4c98_BEE5_6692EA0C2515,,Business object,Arjen Brienen,,2019-05-09 14:43:04,28062023-11:06:06,Handhavende taak in het kader van VTH,,nan,id-ddc990bc-c026-4c98-bee5-6692ea0c2515,2022-12-12 16:28:24,Waarneming,Waarneming,EAPK_AA7AC6CA_3F75_4f72_9941_AC3710C5F46A,1.0,Proposed,,,,,1.0,
EAID_192EA281_414F_4d8d_85D1_5C1B75224942,,Data object,Arjen Brienen,,2019-04-17 13:32:09,28062023-11:06:06,Aanvraag of medling in het kader van de Wet algemene bepalingen omgevingsrecht (WABO),,nan,id-192ea281-414f-4d8d-85d1-5c1b75224942,2022-12-12 16:28:24,WABOAanvraagOfMelding,WABOAanvraagOfMelding,EAPK_AA7AC6CA_3F75_4f72_9941_AC3710C5F46A,1.0,Proposed,,,,,1.0,
EAID_5CE9E5F3_BA9A_47e4_A4C1_DE21E66E9F8E,,Data object,aashkpour,,2021-06-15 17:18:45,28062023-11:06:06,Melding of aanvraag van woonfraude,,nan,id-5ce9e5f3-ba9a-47e4-a4c1-de21e66e9f8e,2022-12-12 16:28:24,WoonfraudeAanvraagOfMelding,WoonfraudeAanvraagOfMelding,EAPK_AA7AC6CA_3F75_4f72_9941_AC3710C5F46A,1.0,Proposed,,,,,1.0,
EAID_CB5BCFAA_01F3_468d_A5CE_4E08D3E4FFC2,,Data object,aashkpour,,2020-09-09 16:23:16,28062023-11:06:06,Melding of aanvraag met betrekking tot Woonoverlast,,nan,id-cb5bcfaa-01f3-468d-a5ce-4e08d3e4ffc2,2022-12-12 16:28:24,WoonoverlastAanvraagOfMelding,WoonoverlastAanvraagOfMelding,EAPK_AA7AC6CA_3F75_4f72_9941_AC3710C5F46A,1.0,Proposed,,,,,1.0,
EAID_6FF7C092_0E10_47ad_96B6_BD4AA0728D45,,,,,,,,,,,,$help://domain_model_pattern.Htm,$help://domain_model_pattern.htm,EAPK_BB0CE95E_98B3_48ec_905F_5512A5AB221C,,,,,,,,
EAID_BBDC4FAF_298A_4e72_9A1C_95271E2ADB03,,,,,,,,,,,,MIMDomein,MIM-Domein,EAPK_E102B31A_E8F2_49dc_BDBE_EE584A7DE41B,,,,,,,,
EAID_446E3931_B9F2_4b5c_80E7_5B240B8F816F,,Business object,Arjen Brienen,,2019-01-10 11:40:16,28062023-11:06:06,"(officieel) verzoek, iets (officieel) vragen aan een bevoegde macht.",,nan,id-446e3931-b9f2-4b5c-80e7-5b240b8f816f,2022-12-12 16:28:25,Aanvraag,Aanvraag,EAPK_C45CFEC0_B841_4e3b_86BD_A4F3246E94D2,1.0,Proposed,,Verzoek,,,1.0,
EAID_A8945FD7_EA20_418e_8E7F_18F13F16E338,,Business object,Arjen Brienen,https://begrippen.archixl.nl/archixl/nl/page/Applicatie,2019-01-10 11:33:53,28062023-11:06:06,Een applicatiecomponent die gericht is op het ondersteunen van eindgebruikers.,,nan,id-a8945fd7-ea20-418e-8e7f-18f13f16e338,2022-12-12 16:28:25,Applicatie,Applicatie,EAPK_C45CFEC0_B841_4e3b_86BD_A4F3246E94D2,1.0,Proposed,,,,,1.0,
EAID_8D273DE5_3529_4652_BCA1_F86B28F26017,,Data object,Arjen Brienen,https://docs.geostandaarden.nl/mim/mim/#attribuutsoort,2019-01-15 10:57:58,28062023-11:06:06,"<b>Attribuutsoort </b>– <i>Stereotype «Attribuutsoort»</i>: De UML-representatie van een attribuutsoort, uitgedrukt in een stereotype van UML-Property<sup>3 </sup>(metaclass).
Er zijn verschillende modelelementen die gebaseerd zijn op UML-property, zoals aangegeven in §2.1.2. Wanneer een UML-property in het informatiemodel de betekenis heeft van een attribuut van een objecttype, dan heeft deze het stereotype «Attribuutsoort».
Een attribuutsoort is een type van gelijksoortige attributen of gegevens. Daartoe kijken we eerst naar het begrip ‘gegeven’.
",,nan,id-8d273de5-3529-4652-bca1-f86b28f26017,2022-12-12 16:28:25,Attribuutsoort,Attribuutsoort,EAPK_C45CFEC0_B841_4e3b_86BD_A4F3246E94D2,1.0,Proposed,,Attribuut,,,1.0,
EAID_81F207D0_A071_48c7_8C4C_25F8D25A3DE8,,Data object,Arjen Brienen,http://www.nationaalarchief.nl/mdto#classificatie,2019-01-10 14:51:23,28062023-11:06:06,"Ordening van informatieobjecten in een logisch verband, zoals vastgelegd in een classificatieschema.",,nan,id-81f207d0-a071-48c7-8c4c-25f8d25a3de8,2022-12-12 16:28:25,Classificatie,Classificatie,EAPK_C45CFEC0_B841_4e3b_86BD_A4F3246E94D2,1.0,Proposed,,,,,1.0,
EAID_B027D022_41D9_4c63_A63D_8F5111689564,,Business object,Arjen Brienen,,2019-01-10 15:17:26,28062023-11:06:06,Item in een Configuratie Management DataBase,,nan,id-b027d022-41d9-4c63-a63d-8f5111689564,2022-12-12 16:28:25,CMDBItem,CMDB-item ,EAPK_C45CFEC0_B841_4e3b_86BD_A4F3246E94D2,1.0,Proposed,,,,,1.0,
EAID_FFD22E11_7A3A_459a_B575_928C67E8D1F3,,Business object,Arjen Brienen,https://begrippen.archixl.nl/archixl/nl/page/Database,2019-01-10 11:48:48,28062023-11:06:06,Een applicatiecomponent die een dataset bevat.,,nan,id-ffd22e11-7a3a-459a-b575-928c67e8d1f3,2022-12-12 16:28:25,Database,Database,EAPK_C45CFEC0_B841_4e3b_86BD_A4F3246E94D2,1.0,Proposed,,,,,1.0,
EAID_7EFBF1CA_EC6E_4b8a_B97F_453CA32AB9A5,,Data object,Arjen Brienen,https://docs.geostandaarden.nl/mim/mim/#datatypen-0,2019-01-15 15:05:26,28062023-11:06:06,"<b>Attribuutsoort </b>– <i>Stereotype «Attribuutsoort»</i>: De UML-representatie van een attribuutsoort, uitgedrukt in een stereotype van UML-Property<sup>3 </sup>(metaclass).
Er zijn verschillende modelelementen die gebaseerd zijn op UML-property, zoals aangegeven in §2.1.2. Wanneer een UML-property in het informatiemodel de betekenis heeft van een attribuut van een objecttype, dan heeft deze het stereotype «Attribuutsoort».
Een attribuutsoort is een type van gelijksoortige attributen of gegevens. Daartoe kijken we eerst naar het begrip ‘gegeven’.
",,nan,id-7efbf1ca-ec6e-4b8a-b97f-453ca32ab9a5,2022-12-12 16:28:25,Datatype,Datatype,EAPK_C45CFEC0_B841_4e3b_86BD_A4F3246E94D2,1.0,Proposed,,,,,1.0,
EAID_45AFD4E2_9909_4c33_93CE_F2466B85CA0F,,Business object,Arjen Brienen,https://begrippen.archixl.nl/archixl/nl/page/Dienst,2019-02-07 14:51:15,28062023-11:06:06,Het uitvoeren van werkzaamheden met een continu of periodiek karakter om waarde te realiseren voor een afnemer.,,nan,id-45afd4e2-9909-4c33-93ce-f2466b85ca0f,2022-12-12 16:28:25,Dienst,Dienst,EAPK_C45CFEC0_B841_4e3b_86BD_A4F3246E94D2,1.0,Proposed,,,,,1.0,
EAID_BEFEC56A_EF6C_49f0_9368_7E46F75D9562,,Business object,Arjen Brienen,,2019-02-07 14:40:39,28062023-11:06:06,"Kennisgebied of activiteit gekarakteriseerd door een verzameling van concepten, begrippen en/of waarden",,nan,id-befec56a-ef6c-49f0-9368-7e46f75d9562,2022-12-12 16:28:25,DomeinOfTaakveld,Domein/Taakveld,EAPK_C45CFEC0_B841_4e3b_86BD_A4F3246E94D2,1.0,Proposed,,,,,1.0,
EAID_144D1047_35BB_4926_9472_895D89DC2E0C,,Business object,Arjen Brienen,,2019-01-10 14:50:29,28062023-11:06:06,Bron buiten de eigen organisatie,,nan,id-144d1047-35bb-4926-9472-895d89dc2e0c,2022-12-12 16:28:25,ExterneBron,Externe Bron,EAPK_C45CFEC0_B841_4e3b_86BD_A4F3246E94D2,1.0,Proposed,,,,,1.0,
EAID_E846CC36_DF4A_4398_AE4C_122CAFEBAEAA,,Business object,Arjen Brienen,,2019-01-10 14:50:41,28062023-11:06:06,,,nan,id-e846cc36-df4a-4398-ae4c-122cafebaeaa,2022-12-12 16:28:25,Gegeven,Gegeven,EAPK_C45CFEC0_B841_4e3b_86BD_A4F3246E94D2,1.0,Proposed,,,,,1.0,
EAID_0CF1C34D_8AD5_4ac5_8538_87252E66A8C8,,Data object,Arjen Brienen,https://docs.geostandaarden.nl/mim/mim/#generalisatie,2019-01-15 14:59:27,28062023-11:06:06,"De typering van het hiërarchische verband tussen een meer generiek object van een objecttype en een meer specifiek object van een ander objecttype waarbij het laatstgenoemde object eigenschappen van het eerstgenoemde object overerft.
<i>Toelichting</i>
Een generalisatierelatie geeft aan dat bepaalde eigenschappen van een objecttype (vaak attribuutsoorten en/of relatiesoorten) ook gelden voor de gerelateerde objecttypen, én dat deze qua semantiek, structuur en syntax gelijk zijn. We spreken dan van een supertype met subtypen. De modelelementen die generiek gelden worden in een generiek objecttype, het supertype, gemodelleerd en deze worden overerft door elk subtype (minimaal twee) die de generalisatie relatie legt naar dit generieke objecttype.
<i>Voorbeeld: PERCEEL is specialisatie van KADASTRAAL ONROERENDE ZAAK, APPARTEMENTSRECHT is specialisatie van KADASTRAAL ONROERENDE ZAAK. PERCEEL en APPARTEMENTSRECHT hebben beide ‘Kadastrale aanduiding’ en een ‘relatie met ONROERENDE ZAAK FILIATIE’.</i>
",,nan,id-0cf1c34d-8ad5-4ac5-8538-87252e66a8c8,2022-12-12 16:28:25,Generalisatie,Generalisatie,EAPK_C45CFEC0_B841_4e3b_86BD_A4F3246E94D2,1.0,Proposed,,,"Een generalisatierelatie geeft aan dat bepaalde eigenschappen van een objecttype (vaak attribuutsoorten en/of relatiesoorten) ook gelden voor de gerelateerde objecttypen, én dat deze qua semantiek, structuur en syntax gelijk zijn. We spreken dan van een supertype met subtypen. De modelelementen die generiek gelden worden in een generiek objecttype, het supertype, gemodelleerd en deze worden overerft door elk subtype (minimaal twee) die de generalisatie relatie legt naar dit generieke objecttype.",,1.0,
EAID_6C92F0F8_BC92_428c_B729_1A10D515DAEF,,Business object,Arjen Brienen,https://begrippen.archixl.nl/archixl/nl/page/Hardware,2019-01-10 11:35:52,28062023-11:06:06,Alle fysieke componenten of onderdelen die in een computer een rol spelen.,,nan,id-6c92f0f8-bc92-428c-b729-1a10d515daef,2022-12-12 16:28:25,Hardware,Hardware,EAPK_C45CFEC0_B841_4e3b_86BD_A4F3246E94D2,1.0,Proposed,,,,,1.0,
EAID_D0AB8CF6_F6CC_4337_BE07_DFE6B3CEFBB3,,Business object,Arjen Brienen,https://www.ensie.nl/redactie-ensie/inventaris,2019-01-10 11:37:23,28062023-11:06:06,"Een inboedel of een opsomming van voorwerpen op een bepaalde plaats, gemaakt volgens een vaste procedure.",,nan,id-d0ab8cf6-f6cc-4337-be07-dfe6b3cefbb3,2022-12-12 16:28:25,Inventaris,Inventaris,EAPK_C45CFEC0_B841_4e3b_86BD_A4F3246E94D2,1.0,Proposed,,,,,1.0,
EAID_AB7CF266_388F_413a_92D0_B2FA67C75633,,Data object,Arjen Brienen,,2019-01-10 11:49:07,28062023-11:06:06,Verbinding tussen twee systemen,,nan,id-ab7cf266-388f-413a-92d0-b2fa67c75633,2022-12-12 16:28:25,Koppeling,Koppeling,EAPK_C45CFEC0_B841_4e3b_86BD_A4F3246E94D2,1.0,Proposed,,,,,1.0,
EAID_2E5F9AF9_D1BA_4dc0_9621_4101D24B8ABD,,Business object,Arjen Brienen,,2019-01-10 11:36:55,28062023-11:06:06,Een gebruiksrecht en autorisatie om van een product of dienst gebruik te maken binnen bepaalde voorwaarden,,nan,id-2e5f9af9-d1ba-4dc0-9621-4101d24b8abd,2022-12-12 16:28:25,Licentie,Licentie,EAPK_C45CFEC0_B841_4e3b_86BD_A4F3246E94D2,1.0,Proposed,,,,,1.0,
EAID_C0F1A08E_C6CD_4524_A2E0_0E5CA483DCFD,,Data object,Arjen Brienen,,2019-01-10 16:32:50,28062023-11:06:06,Niet opnemen,,nan,id-c0f1a08e-c6cd-4524-a2e0-0e5ca483dcfd,2022-12-12 16:28:25,LinkbaarCMDBItem,Linkbaar CMDB-item,EAPK_C45CFEC0_B841_4e3b_86BD_A4F3246E94D2,1.0,Proposed,,,,,1.0,
EAID_5492ED6D_608E_465e_B975_BCADAAA3EE7F,,Data object,Arjen Brienen,https://data.crow.nl/thesaurus/term/8E9E9028-385A-41B4-B9BC-8457A89EC655,2019-01-10 11:49:38,28062023-11:06:06,Registratie van gegevens.,,nan,id-5492ed6d-608e-465e-b975-bcadaaa3ee7f,2022-12-12 16:28:25,Log,Log,EAPK_C45CFEC0_B841_4e3b_86BD_A4F3246E94D2,1.0,Proposed,,,,,1.0,
EAID_6100B3C7_FBCE_434d_BA48_E067B9CF84A7,,Business object,Arjen Brienen,https://definities.geostandaarden.nl/nen3610-2022/id/begrip/gegeven,2019-01-10 11:38:45,28062023-11:06:06,"De betekenisvolle formulering van een waargenomen feit, waaraan een waarde kan worden toegekend",,nan,id-6100b3c7-fbce-434d-ba48-e067b9cf84a7,2022-12-12 16:28:25,Melding,Melding,EAPK_C45CFEC0_B841_4e3b_86BD_A4F3246E94D2,1.0,Proposed,,Datapunt,,,1.0,
EAID_DD277E82_0CA5_4460_918F_9178B5F01886,,Data object,Arjen Brienen,,2019-01-10 11:35:05,28062023-11:06:06,,,nan,id-dd277e82-0ca5-4460-918f-9178b5f01886,2022-12-12 16:28:25,Nertwerkcomponent,Nertwerkcomponent,EAPK_C45CFEC0_B841_4e3b_86BD_A4F3246E94D2,1.0,Proposed,,,,,1.0,
EAID_354E5545_D067_4b81_9D1D_C5F5FFB532C7,,Business object,Arjen Brienen,http://lod.duo.nl/term/Notitie,2019-01-14 16:44:58,28062023-11:06:06,"Korte, zakelijke uiteenzetting op schrift",,nan,id-354e5545-d067-4b81-9d1d-c5f5ffb532c7,2022-12-12 16:28:25,Notitie,Notitie,EAPK_C45CFEC0_B841_4e3b_86BD_A4F3246E94D2,1.0,Proposed,,,,,1.0,
EAID_A2451674_6C19_4bf9_81F9_57CDE2F60144,,Data object,Arjen Brienen,https://docs.geostandaarden.nl/mim/mim/#objecttype,2019-01-10 14:50:11,28062023-11:06:06,"De typering van een groep objecten (in de werkelijkheid) die binnen een domein relevant zijn en als gelijksoortig worden beschouwd.
<i>Toelichting</i>
Jan, Piet en Marie zijn mensen die vanuit het Burgerzaken-domein beschouwd worden als objecten van het type ‘natuurlijk persoon’. In een ander domein, ‘de volksmond’, noemen we dit ‘mens’ wat ook een objecttype is. In weer een ander domein is Jan van het type ‘vergunninghouder’ en Piet en Marie niet, omdat aan hen (nog) nooit een vergunning verleend is. Objecttypen zijn een abstractie van de werkelijkheid oftewel we beogen hiermee de werkelijkheid zo getrouw mogelijk te beschrijven, binnen de context van het domein. Dit staat geheel los van het vastleggen van gegevens over objecten van een type in een registratie. Daartoe is veelal een interpretatie nodig (van die werkelijkheid cq. die objecttypen) naar eenheden die in een registratie vastgelegd kunnen worden (records, entiteiten e.d.) op basis van andere overwegingen.",,nan,id-a2451674-6c19-4bf9-81f9-57cde2f60144,2022-12-12 16:28:25,Objecttype,Objecttype,EAPK_C45CFEC0_B841_4e3b_86BD_A4F3246E94D2,1.0,Proposed,,,,,1.0,
EAID_2AA9DB3B_D79C_490d_8776_DA1CB25E9B09,,Data object,Arjen Brienen,,2019-02-07 14:51:28,28062023-11:06:06,Op de meest karakteristieke elementen gebaseerde en in woord of eenvoudige zinstructuur samengevatte aanduiding van de inhoud van een document,,nan,id-2aa9db3b-d79c-490d-8776-da1cb25e9b09,2022-12-12 16:28:25,Onderwerp,Onderwerp,EAPK_C45CFEC0_B841_4e3b_86BD_A4F3246E94D2,1.0,Proposed,,,,,1.0,
EAID_ACE86CFF_D6D0_4cbd_8395_99BD763F1B37,,Business object,Arjen Brienen,https://begrippen.hunzeenaas.nl/id/begrip/Id-a00b49dd-768b-65b3-47f9-cde0249a058a,2019-01-14 16:49:18,28062023-11:06:06,"Een samengesteld bestand of een directory die een aantal bestanden bevat, maar welke als √©√©n bestand aan de gebruiker getoond word",,nan,id-ace86cff-d6d0-4cbd-8395-99bd763f1b37,2022-12-12 16:28:25,Package,Package,EAPK_C45CFEC0_B841_4e3b_86BD_A4F3246E94D2,1.0,Proposed,,,,,1.0,
EAID_F1489610_1E50_4328_8CD8_F41E9CE0C0D8,,Data object,Arjen Brienen,,2019-02-07 14:45:09,28062023-11:06:06,"Beschrijving van gangbare onderhoudsactiviteiten met de bijbehorende, actuele prijzen en normen voor de uitvoering.",,nan,id-f1489610-1e50-4328-8cd8-f41e9ce0c0d8,2022-12-12 16:28:25,Prijzenboek,Prijzenboek,EAPK_C45CFEC0_B841_4e3b_86BD_A4F3246E94D2,1.0,Proposed,,,,,1.0,
EAID_D5DD2F67_6A1F_46b0_972E_795ECC4B2E4F,,Business object,Arjen Brienen,,2019-02-07 14:41:02,28062023-11:06:06,Het resultaat van een proces dat in het economisch verkeer een waarde bezit.,,nan,id-d5dd2f67-6a1f-46b0-972e-795ecc4b2e4f,2022-12-12 16:28:25,Product,Product,EAPK_C45CFEC0_B841_4e3b_86BD_A4F3246E94D2,1.0,Proposed,,,,,1.0,
EAID_DFD2814E_7D36_45e2_B082_2ED574A409E1,,Data object,Arjen Brienen,https://docs.geostandaarden.nl/mim/mim/#relatiesoort,2019-01-15 14:49:11,28062023-11:06:06,"
De typering van het structurele verband tussen een object van een objecttype en een (ander) object van een ander (of hetzelfde) objecttype.
<i>Toelichting</i>
Objecten hebben eigenschappen die gemodelleerd kunnen worden met attribuutsoorten maar ook met relatiesoorten naar andere objecttypen. Als het voor het desbetreffende domein van belang is om die eigenschap te modelleren als onderdeel van een ander objecttype, dan maakt de relatiesoort die eigenschap beschikbaar voor het eerstgenoemde objecttype. Bijvoorbeeld, een attribuutsoort van het objecttype PERSOON zou kunnen zijn ‘Naam geregistreerd partner’ (naast de attribuutsoort ‘Naam’ van PERSOON). De naam van de geregistreerde partner komt evenwel ook beschikbaar met een relatiesoort van PERSOON naar PERSOON: “heeft geregistreerd partnerschap met”. Zie ook het eerder genoemde voorbeeld van SCHIP en MOTOR.
Voorbeeld: relatiesoorten “VERBLIJFSOBJECT is gelegen in een PAND” en “SUBJECT heeft als correspondentieadres WOONPLAATS”, of korter, “gelegen in”, “postadres”.
Wanneer een relatie (UML-assocation) gebruikt wordt om objecten aan elkaar te verbinden, zonder dat er eigenschappen over deze relatie worden vastgelegd, dan heeft deze het stereotype «Relatiesoort».
",,nan,id-dfd2814e-7d36-45e2-b082-2ed574a409e1,2022-12-12 16:28:25,Relatiesoort,Relatiesoort,EAPK_C45CFEC0_B841_4e3b_86BD_A4F3246E94D2,1.0,Proposed,,,"Objecten hebben eigenschappen die gemodelleerd kunnen worden met attribuutsoorten maar ook met relatiesoorten naar andere objecttypen. Als het voor het desbetreffende domein van belang is om die eigenschap te modelleren als onderdeel van een ander objecttype, dan maakt de relatiesoort die eigenschap beschikbaar voor het eerstgenoemde objecttype. Bijvoorbeeld, een attribuutsoort van het objecttype PERSOON zou kunnen zijn ‘Naam geregistreerd partner’ (naast de attribuutsoort ‘Naam’ van PERSOON). De naam van de geregistreerde partner komt evenwel ook beschikbaar met een relatiesoort van PERSOON naar PERSOON: “heeft geregistreerd partnerschap met”. Zie ook het eerder genoemde voorbeeld van SCHIP en MOTOR.",,1.0,
EAID_3AFD7E5F_8061_4776_A332_334AF4125E7D,,Business object,Arjen Brienen,https://begrippen.archixl.nl/archixl/nl/page/Server,2019-01-10 11:34:53,28062023-11:06:06,Computer die in een netwerk een ondersteunende taak vervult.,,nan,id-3afd7e5f-8061-4776-a332-334af4125e7d,2022-12-12 16:28:25,Server,Server,EAPK_C45CFEC0_B841_4e3b_86BD_A4F3246E94D2,1.0,Proposed,,,,,1.0,
EAID_0B3C37DD_42A1_4b6b_B534_CD276112FD3B,,Business object,Arjen Brienen,https://begrippen.archixl.nl/archixl/nl/page/Software,2019-01-10 11:36:22,28062023-11:06:06,"Een geheel van computerprogramma's met bijbehorende data, die bewerkingen en taken uitvoeren",,nan,id-0b3c37dd-42a1-4b6b-b534-cd276112fd3b,2022-12-12 16:28:25,Software,Software,EAPK_C45CFEC0_B841_4e3b_86BD_A4F3246E94D2,1.0,Proposed,,,,,1.0,
EAID_4E5F272E_00CA_481c_A51B_7D08B5E6B0A9,,Business object,Arjen Brienen,https://begrippen.archixl.nl/archixl/nl/page/Storing,2019-01-10 11:40:28,28062023-11:06:06,Verlies van de mogelijkheid om volgens een specificatie te werken of om het vereiste resultaat te leveren.,,nan,id-4e5f272e-00ca-481c-a51b-7d08b5e6b0a9,2022-12-12 16:28:25,Storing,Storing,EAPK_C45CFEC0_B841_4e3b_86BD_A4F3246E94D2,1.0,Proposed,,,,,1.0,
EAID_DDD2167F_4A0F_468b_894E_6BB9ED9DA5E0,,Business object,Arjen Brienen,,2019-01-10 11:37:09,28062023-11:06:06,Gegevens die worden bewaard van telefoongesprekken,,nan,id-ddd2167f-4a0f-468b-894e-6bb9ed9da5e0,2022-12-12 16:28:25,Telefoniegegevens,Telefoniegegevens,EAPK_C45CFEC0_B841_4e3b_86BD_A4F3246E94D2,1.0,Proposed,,,,,1.0,
EAID_D67A4AC2_9A17_4cd0_82D7_732A89018FDA,,Business object,Arjen Brienen,,2019-01-10 11:37:51,28062023-11:06:06,Een middel waarmee men zich toegang tot iets kan verschaffen.,,nan,id-d67a4ac2-9a17-4cd0-82d7-732a89018fda,2022-12-12 16:28:25,Toegangsmiddel,Toegangsmiddel,EAPK_C45CFEC0_B841_4e3b_86BD_A4F3246E94D2,1.0,Proposed,,,,,1.0,
EAID_39445166_1EAB_43f8_9F5C_89EA606605EE,,Business object,Arjen Brienen,https://definities.geostandaarden.nl/nen3610-2022/id/begrip/versie,2019-01-14 16:36:00,28062023-11:06:06,De versie-aanduiding van een object.,,nan,id-39445166-1eab-43f8-9f5c-89ea606605ee,2022-12-12 16:28:25,Versie,Versie,EAPK_C45CFEC0_B841_4e3b_86BD_A4F3246E94D2,1.0,Proposed,,,,,1.0,
EAID_E8C75DAB_F9AE_4fe2_9114_870434F2EA80,,Business object,Arjen Brienen,https://aquo.begrippenxl.nl/aquo/nl/page/Id-822aff45-02f2-454c-810e-0b2217322eb4,2019-01-10 11:37:36,28062023-11:06:06,Een voertuig dat zich over het land verplaatst.,,nan,id-e8c75dab-f9ae-4fe2-9114-870434f2ea80,2022-12-12 16:28:25,Vervoersmiddel,Vervoersmiddel,EAPK_C45CFEC0_B841_4e3b_86BD_A4F3246E94D2,1.0,Proposed,,Voertuig,,,1.0,
EAID_EFBF46D1_6A51_44fd_BAEA_47BCDFEEE27A,,Business object,Arjen Brienen,,2019-01-10 11:40:46,28062023-11:06:06,Een aanvraag voor wijziging,,nan,id-efbf46d1-6a51-44fd-baea-47bcdfeee27a,2022-12-12 16:28:25,Wijzigingsverzoek,Wijzigingsverzoek,EAPK_C45CFEC0_B841_4e3b_86BD_A4F3246E94D2,1.0,Proposed,,,,,1.0,
EAID_E403A215_A367_4eef_8716_075AF54388D0,,,arjen,,2023-07-24 10:36:30,,Moment waarop er een bepaald deel van de subsidie betaald moet worden.,,,,2023-08-02 17:59:33,Betaalmoment,Betaalmoment,EAPK_702429CB_A2F6_4733_BEB5_341C672DF5EF,1.0,Draft,,,,,1.1,
EAID_20CA8283_CE99_455c_BF4D_EAE3DF41AE5B,,Data object,abrienen,,2019-11-28 15:40:55,28062023-11:06:06,Een vantevoren bepaald tijdstip waarom een gegevensanalyse wordt uitgevoerd,,nan,id-20ca8283-ce99-455c-bf4d-eae3df41ae5b,2023-08-02 17:59:41,Rapportagemoment,Rapportagemoment,EAPK_702429CB_A2F6_4733_BEB5_341C672DF5EF,1.0,Draft,,,,,1.1,
EAID_DA4F9850_4CA0_4508_9D57_F631BC30B360,,Business object,abrienen,,2019-11-28 15:42:13,28062023-11:06:06,"Sector is de verzameling van werkzaamheden, gericht op de productie van bepaalde goederen en diensten. Het gaat hierbij niet alleen om activiteiten van het bedrijfsleven, maar ook om activiteiten van niet op winst gerichte instellingen en de overheid.",,nan,id-da4f9850-4ca0-4508-9d57-f631bc30b360,2023-08-02 17:59:52,Sector,Sector,EAPK_702429CB_A2F6_4733_BEB5_341C672DF5EF,1.0,Draft,,,,,1.1,
EAID_FD701A55_6865_44aa_9A73_C46E02481796,,Business object,abrienen,https://aquo.begrippenxl.nl/aquo/nl/page/Id-255a35d2-ab3b-4281-b079-b12f750861a7,2019-11-28 15:58:19,28062023-11:06:06,"Aan derden toegekende financiele middelen, bestemd voor het uitvoeren van bepaalde activiteiten",,nan,id-fd701a55-6865-44aa-9a73-c46e02481796,2023-08-02 17:59:59,Subsidie,Subsidie,EAPK_702429CB_A2F6_4733_BEB5_341C672DF5EF,1.0,Draft,,,,,1.1,
EAID_26C0D33A_B15A_4256_A5BF_5382A4E03539,,Business object,abrienen,,2019-11-28 15:39:05,28062023-11:06:06,Aanvraag voor een subsidie,,nan,id-26c0d33a-b15a-4256-a5bf-5382a4e03539,2023-08-02 18:00:07,Subsidieaanvraag,Subsidieaanvraag,EAPK_702429CB_A2F6_4733_BEB5_341C672DF5EF,1.0,Draft,,,,,1.1,
EAID_F8BD6D83_D3F8_4dd3_B12E_22A991D1A0A2,,Business object,abrienen,,2019-11-28 15:39:58,28062023-11:06:06,Besluit over het al dan niet toekennen van een subsidie,,nan,id-f8bd6d83-d3f8-4dd3-b12e-22a991d1a0a2,2023-08-02 18:00:15,Subsidiebeschikking,Subsidiebeschikking,EAPK_702429CB_A2F6_4733_BEB5_341C672DF5EF,1.0,Draft,,,,,1.1,
EAID_DB093A73_BE89_462b_8FBA_19B2629072ED,,,arjen,,2023-07-24 10:16:34,,Onderdeel van een subisidie met een eigen kostenplaats.,,,,2023-08-02 18:00:35,Subsidiecomponent,Subsidiecomponent,EAPK_702429CB_A2F6_4733_BEB5_341C672DF5EF,1.0,Draft,,,,,1.1,
EAID_8F1A719D_C89A_4194_8FF4_1F3E0F174D3D,,Business object,abrienen,,2019-11-28 15:41:40,28062023-11:06:06,Programma waarin meerdere subsidies worden verleend vanuit een bepaalde samenhang,,nan,id-8f1a719d-c89a-4194-8ff4-1f3e0f174d3d,2023-08-02 18:00:42,Subsidieprogramma,Subsidieprogramma,EAPK_702429CB_A2F6_4733_BEB5_341C672DF5EF,1.0,Draft,,,,,1.1,
EAID_156C82B1_2641_40c8_9E99_60031643C29A,,Business object,abrienen,,2019-11-28 15:41:15,28062023-11:06:06,Een samenhangende set activiteiten in het kader van een subsidie.,,nan,id-156c82b1-2641-40c8-9e99-60031643c29a,2023-08-02 18:00:49,Taak,Taak,EAPK_702429CB_A2F6_4733_BEB5_341C672DF5EF,1.0,Draft,,,,,1.1,
EAID_17FCEF39_AB9D_4516_9C60_1DDA61D87356,,Data object,Arjen Brienen,,2018-05-29 13:54:27,28062023-11:06:06,Een procedure waarbij een opdrachtgever bekendmaakt dat hij een opdracht of concessie wil laten uitvoeren en bedrijven uitnodigt om een offerte in te dienen.,,nan,id-17fcef39-ab9d-4516-9c60-1dda61d87356,2022-12-12 16:28:26,Aanbesteding,Aanbesteding,EAPK_AAB5C359_578D_4791_B9B1_0B68629BE333,1.0,Proposed,,,,,1.0,
EAID_909E635B_E33D_4ded_8471_900CD175B7D1,,Data object,Arjen,,2019-08-20 17:10:49,28062023-11:06:06,De adresaanduiding van het WOZ-OBJECT,,nan,id-909e635b-e33d-4ded-8471-900cd175b7d1,2022-12-12 16:28:26,Adresaanduiding,Adresaanduiding,EAPK_AAB5C359_578D_4791_B9B1_0B68629BE333,1.0,Proposed,,,,,1.0,
EAID_9A739672_6084_4c05_A13E_59DB13551E58,,Data object,Arjen Brienen,https://www.begrippenxl.nl/ABDL/nl/page/DEF-0614,2018-05-29 13:51:14,28062023-11:06:06,"Zelfstandig en aanwijsbaar deel van een element, onderscheiden naar samenstelling of constructiewijze, bestaande uit √©√©n of meer componenten waaraan technische eigenschappen en een onderhoudshistorie kunnen worden gerelateerd (bron: Conditiemeting gebouwde omgeving - Deel 1: Methodiek, code: 3.3)",,nan,id-9a739672-6084-4c05-a13e-59db13551e58,2022-12-12 16:28:26,Bouwdeel,Bouwdeel,EAPK_AAB5C359_578D_4791_B9B1_0B68629BE333,1.0,Proposed,,,,,1.0,
EAID_BE147761_326E_4859_9366_5157CE865EC1,,Data object,Arjen Brienen,,2018-05-29 13:51:51,28062023-11:06:06,Onderdeeel van een bouwdeel,,nan,id-be147761-326e-4859-9366-5157ce865ec1,2022-12-12 16:28:26,Bouwdeelelement,Bouwdeelelement,EAPK_AAB5C359_578D_4791_B9B1_0B68629BE333,1.0,Proposed,,,,,1.0,
EAID_01C1622D_23E7_4a63_9B63_F45CA63E76CA,,Business object,aashkpour,https://www.gemmaonline.nl/index.php/Rsgb_3.0/doc/attribuutsoort/kadastrale_onroerende_zaak.aard_cultuur_onbebouwd,2020-04-22 16:08:42,28062023-11:06:06,Een aanduiding voor de soort cultuur van het onbebouwde gedeelte van de onroerende zaak.,,nan,id-01c1622d-23e7-4a63-9b63-f45ca63e76ca,2022-12-12 16:28:26,CultuurOnbebouwd,CultuurOnbebouwd,EAPK_AAB5C359_578D_4791_B9B1_0B68629BE333,1.0,Proposed,,,,,1.0,
EAID_5E06339C_13EE_44ca_BC40_0FC4B9DC8349,,Business object,Arjen Brienen,http://tax.kadaster.nl/id/begrip/Eigenaar_(Wilg),2018-05-29 13:56:25,28062023-11:06:06,Eigenaar is een persoon die de eigenaar is van een gebouw of stuk grond en ook alle rechten daarvan bezit.,,nan,id-5e06339c-13ee-44ca-bc40-0fc4b9dc8349,2022-12-12 16:28:26,Eigenaar,Eigenaar,EAPK_AAB5C359_578D_4791_B9B1_0B68629BE333,1.0,Proposed,,,,,1.0,
EAID_A5975EF7_558A_44fa_A656_AB43580D8C35,,Business object,aashkpour,https://www.gemmaonline.nl/index.php/Rsgb_3.0/doc/enumeration/gebruiksdoel,2020-03-30 14:26:44,28062023-11:06:06,Een aanduiding va alle waarden waarmee het gebruiksdoel van een object kan worden verbijzonderd.,,nan,id-a5975ef7-558a-44fa-a656-ab43580d8c35,2022-12-12 16:28:26,Gebruiksdoel,Gebruiksdoel,EAPK_AAB5C359_578D_4791_B9B1_0B68629BE333,1.0,Proposed,,,,,1.0,
EAID_B75EE7EF_DC1F_47da_A95C_B9662075684D,,Business object,Arjen Brienen,https://catalogus.kadaster.nl/li/nl/page/Huurder,2018-05-29 13:56:12,28062023-11:06:06,Een partij die een zaak of een gedeelte daarvan in gebruik verstrekt heeft gekregen en zich heeft verbonden tot een tegenprestatie.,,nan,id-b75ee7ef-dc1f-47da-a95c-b9662075684d,2022-12-12 16:28:26,Huurder,Huurder,EAPK_AAB5C359_578D_4791_B9B1_0B68629BE333,1.0,Proposed,,,,,1.0,
EAID_A31C3B5D_EAC5_482d_8816_8B858EC4BE01,,Data object,Arjen Brienen,,2018-11-29 17:01:01,28062023-11:06:06,"het inwinnen, verwerken en interpreteren van informatie met het doel om de momentane toestand van de boezemkade vast te stellen.",,nan,id-a31c3b5d-eac5-482d-8816-8b858ec4be01,2022-12-12 16:28:26,Inspectie,Inspectie,EAPK_AAB5C359_578D_4791_B9B1_0B68629BE333,1.0,Proposed,,,,,1.0,
EAID_D46DA88A_F3EB_4c72_85DA_C0C4239289E2,,Data object,mkampen,,2021-01-19 14:59:55,28062023-11:06:06,,,nan,id-d46da88a-f3eb-4c72-85da-c0c4239289e2,2022-12-12 16:28:26,KpBetrokkenBij,kp_betrokken_bij,EAPK_AAB5C359_578D_4791_B9B1_0B68629BE333,1.0,Proposed,,,,,1.0,
EAID_DCF0623A_694F_4b82_B615_F499F169C19A,,Data object,mkampen,,2021-01-19 14:58:41,28062023-11:06:06,,,nan,id-dcf0623a-694f-4b82-b615-f499f169c19a,2022-12-12 16:28:26,KpOnstaanUit,kp_onstaan_uit,EAPK_AAB5C359_578D_4791_B9B1_0B68629BE333,1.0,Proposed,,,,,1.0,
EAID_0B3F8A89_F21E_4bea_9620_8D6713AB632C,,Business object,aashkpour,,2021-02-15 16:28:05,28062023-11:06:06,Nadere aanduiding van het WOZ-object,,nan,id-0b3f8a89-f21e-4bea-9620-8d6713ab632c,2022-12-12 16:28:26,LocatieaanduidingWOZObject,LOCATIEAANDUIDING WOZ OBJECT,EAPK_AAB5C359_578D_4791_B9B1_0B68629BE333,1.0,Proposed,,,,,1.0,
EAID_049E7FD0_D515_4057_9C87_A09980C5DE6A,,Data object,aashkpour,,2020-04-08 17:00:47,28062023-11:06:06,Locatie van een geregistreerd goed,,nan,id-049e7fd0-d515-4057-9c87-a09980c5de6a,2022-12-12 16:28:26,Locatieonroerendezaak,LocatieOnroerendeZaak ,EAPK_AAB5C359_578D_4791_B9B1_0B68629BE333,1.0,Proposed,,,,,1.0,
EAID_A110896B_0CAD_46cf_9226_840DEE3328F0,,Business object,Arjen Brienen,,2018-05-29 13:53:05,28062023-11:06:06,Meerjaren Onderhoudsplanning,,nan,id-a110896b-0cad-46cf-9226-840dee3328f0,2022-12-12 16:28:26,MJOP,MJOP,EAPK_AAB5C359_578D_4791_B9B1_0B68629BE333,1.0,Proposed,,,,,1.0,
EAID_54697170_4C4D_40f6_9E08_35DF1970B8C6,,Data object,Arjen Brienen,,2018-06-11 14:41:07,28062023-11:06:06,Onderdeel van een MJOP,,nan,id-54697170-4c4d-40f6-9e08-35df1970b8c6,2022-12-12 16:28:26,MJOPItem,MJOP-Item,EAPK_AAB5C359_578D_4791_B9B1_0B68629BE333,1.0,Proposed,,,,,1.0,
EAID_46386087_923F_402e_BB6B_6DE39D73349A,,Data object,aashkpour,,2021-12-15 15:57:45,28062023-11:06:06,,,nan,id-46386087-923f-402e-bb6b-6de39d73349a,2022-12-12 16:28:26,NADAanvullingBRP,NAD_AanvullingBRP,EAPK_AAB5C359_578D_4791_B9B1_0B68629BE333,1.0,Proposed,,,,,1.0,
EAID_3EA09322_144A_407d_86C4_FCC8C041C826,,Data object,Arjen Brienen,,2019-01-21 15:56:10,28062023-11:06:06,Relatie tot een object,,nan,id-3ea09322-144a-407d-86c4-fcc8c041c826,2022-12-12 16:28:26,Objectrelatie,Objectrelatie,EAPK_AAB5C359_578D_4791_B9B1_0B68629BE333,1.0,Proposed,,,,,1.0,
EAID_EF55544A_F59B_4411_A3D2_9C1A2BA2663C,,Data object,Arjen Brienen,,2018-05-29 13:55:05,28062023-11:06:06,"Aanbod, aanbieding of voorstel van goederen of diensten waarin opgave is gedaan van de prijs. ",,nan,id-ef55544a-f59b-4411-a3d2-9c1a2ba2663c,2022-12-12 16:28:26,Offerte,Offerte,EAPK_AAB5C359_578D_4791_B9B1_0B68629BE333,1.0,Proposed,,,,,1.0,
EAID_EDC8B01F_4802_4562_BC41_C2CAD76880B6,,Business object,Arjen Brienen,http://tax.kadaster.nl/id/begrip/Pachter,2018-11-29 16:26:19,28062023-11:06:06,Een persoon die een pachtovereenkomst heeft met de eigenaar van een perceel voor het gebruik als landbouwgrond.,,nan,id-edc8b01f-4802-4562-bc41-c2cad76880b6,2022-12-12 16:28:26,Pachter,Pachter,EAPK_AAB5C359_578D_4791_B9B1_0B68629BE333,1.0,Proposed,,,,,1.0,
EAID_697512E4_0C8E_4be8_8E95_9E2E4BD50F85,,Data object,Arjen Brienen,,2018-05-29 13:55:46,28062023-11:06:06,Onderdeel van een prijzenboek,,nan,id-697512e4-0c8e-4be8-8e95-9e2e4bd50f85,2022-12-12 16:28:26,Prijzenboekitem,Prijzenboekitem,EAPK_AAB5C359_578D_4791_B9B1_0B68629BE333,1.0,Proposed,,,,,1.0,
EAID_1C84E4B6_1BB5_4a0d_A945_FFFDFDFB544B,,Data object,Arjen Brienen,,2019-01-23 21:45:20,28062023-11:06:06,,,nan,id-1c84e4b6-1bb5-4a0d-a945-fffdfdfb544b,2022-12-12 16:28:26,Vastgoedcontract,Vastgoed Contract,EAPK_AAB5C359_578D_4791_B9B1_0B68629BE333,1.0,Proposed,,,,,1.0,
EAID_1C25D70B_AE22_4654_9190_2F55272D9BE6,,Data object,aashkpour,,2020-01-15 20:55:01,28062023-11:06:06,ONderdeel van een vastgoedcontract,,nan,id-1c25d70b-ae22-4654-9190-2f55272d9be6,2022-12-12 16:28:26,VastgoedcontractRegel,Vastgoedcontractregel,EAPK_AAB5C359_578D_4791_B9B1_0B68629BE333,1.0,Proposed,,,,,1.0,
EAID_28A6F2AC_5AB1_4f25_8876_931152CA28E0,,Business object,Arjen Brienen,,2018-05-29 13:49:24,28062023-11:06:06,"Perceel of vastgoed waar de gemeente een zakelijk recht heeft, en optioneel verhuurd, verpacht of anderzinds aan een derde partij.",,nan,id-28a6f2ac-5ab1-4f25-8876-931152ca28e0,2022-12-12 16:28:26,Vastgoedobject,Vastgoedobject,EAPK_AAB5C359_578D_4791_B9B1_0B68629BE333,1.0,Proposed,,,,,1.0,
EAID_98A7AE65_A061_449a_94CD_6218069CA86A,,Business object,Arjen Brienen,https://cora.wikixl.nl/index.php/Id-3db8399f-ca8f-c4a9-279e-e461255f3f43,2019-03-20 15:47:52,28062023-11:06:06,Een Verhuurbare Eenheid (VHE) is een eenheid die individueel verhuurbaar is. Verhuurbaar komt voort uit 'exploitatie',,nan,id-98a7ae65-a061-449a-94cd-6218069ca86a,2022-12-12 16:28:27,VerhuurbaarEenheid,Verhuurbaar Eenheid,EAPK_AAB5C359_578D_4791_B9B1_0B68629BE333,1.0,Proposed,,,,,1.0,
EAID_C5AA8835_219D_4bfa_85EF_8BA45F732BCD,,Business object,Arjen Brienen,,2018-05-29 13:54:47,28062023-11:06:06,Document waarin een heoveelheid werk is beschreven,,nan,id-c5aa8835-219d-4bfa-85ef-8ba45f732bcd,2022-12-12 16:28:27,Werkbon,Werkbon,EAPK_AAB5C359_578D_4791_B9B1_0B68629BE333,1.0,Proposed,,,,,1.0,
EAID_E71DC5EC_EEEB_4d27_A3C1_B46FD34AD41B,,Data object,aashkpour,,2021-02-11 12:34:19,28062023-11:06:06,,,nan,id-e71dc5ec-eeeb-4d27-a3c1-b46fd34ad41b,2022-12-12 16:28:27,WOZBelang,WOZ-Belang,EAPK_AAB5C359_578D_4791_B9B1_0B68629BE333,1.0,Proposed,,,,,1.0,
EAID_8D52E9F1_9CC9_42c6_A347_E68E29718E55,,Business object,Arjen Brienen,https://www.doehetzelfnotaris.nl/uitleg/zakelijk-recht/,2018-05-29 13:56:38,28062023-11:06:06,"Geeft een recht op een goed, zoals een onroerende zaak of een roerende zaak. ",,nan,id-8d52e9f1-9cc9-42c6-a347-e68e29718e55,2022-12-12 16:28:27,ZakelijkRecht,Zakelijk Recht,EAPK_AAB5C359_578D_4791_B9B1_0B68629BE333,1.0,Proposed,,,,,1.0,
EAID_7B8D0A8F_07BF_42bf_90B3_28A72BD4401A,,Business object,Arjen Brienen,,2018-05-15 09:42:06,28062023-11:06:06,Bezittingen van een onderneming op een boekhoudkundige balans,,nan,id-7b8d0a8f-07bf-42bf-90b3-28a72bd4401a,2022-12-12 16:28:27,Activa,Activa,EAPK_5FFD0C07_FF86_4896_9605_D8492189984D,1.0,Proposed,,,,,1.0,
EAID_2483BD14_7FA7_4514_A565_C7F7967E226D,,Data object,Arjen Brienen,,2018-05-15 09:48:32,28062023-11:06:06,Typering van activa,,nan,id-2483bd14-7fa7-4514-a565-c7f7967e226d,2022-12-12 16:28:27,Activasoort,Activasoort,EAPK_5FFD0C07_FF86_4896_9605_D8492189984D,1.0,Proposed,,,,,1.0,
EAID_FC698CC3_7A64_4991_A751_B3B2A5DF77E3,,Data object,Arjen Brienen,,2018-05-15 09:32:52,28062023-11:06:06,Overzicht van de bij- en afschrijvingen van een rekening,,nan,id-fc698cc3-7a64-4991-a751-b3b2a5df77e3,2022-12-12 16:28:27,Bankafschrift,Bankafschrift,EAPK_5FFD0C07_FF86_4896_9605_D8492189984D,1.0,Proposed,,,,,1.0,
EAID_764CE125_55C1_480d_90BA_745484CF3FC0,,Data object,Arjen Brienen,,2018-06-20 13:54:30,28062023-11:06:06,Een item op het bankafschrift,,nan,id-764ce125-55c1-480d-90ba-745484cf3fc0,2022-12-12 16:28:27,Bankafschriftregel,Bankafschriftregel,EAPK_5FFD0C07_FF86_4896_9605_D8492189984D,1.0,Proposed,,,,,1.0,
EAID_D87012E0_D2EB_4333_AD6C_1E43E6857304,,Business object,Arjen Brienen,,2018-05-15 09:53:35,28062023-11:06:06,Een rekening-courant bij een bank,,nan,id-d87012e0-d2eb-4333-ad6c-1e43e6857304,2022-12-12 16:28:27,Bankrekening,Bankrekening,EAPK_5FFD0C07_FF86_4896_9605_D8492189984D,1.0,Proposed,,,,,1.0,
EAID_A784A0ED_4451_4a92_B7C8_ABE528BA898F,,Business object,Arjen Brienen,,2018-05-15 10:16:46,28062023-11:06:06,Verzameling van posten die in het kader van automatische verwerking een logisch geheel vormen. ,,nan,id-a784a0ed-4451-4a92-b7c8-abe528ba898f,2022-12-12 16:28:27,Batch,Batch,EAPK_5FFD0C07_FF86_4896_9605_D8492189984D,1.0,Proposed,,,Bijvoorbeeld alle betalingen die op een dag ter verwerking in de computers aangeboden worden.,,1.0,
EAID_9F935C8B_5B7C_4ce4_9360_04A91F4F70CC,,Business object,Arjen Brienen,,2018-06-20 14:15:19,28062023-11:06:06,Een item uit een batch,,nan,id-9f935c8b-5b7c-4ce4-9360-04a91f4f70cc,2022-12-12 16:28:27,Batchregel,Batchregel,EAPK_5FFD0C07_FF86_4896_9605_D8492189984D,1.0,Proposed,,,,,1.0,
EAID_C95CF400_8487_4ff3_B475_CA1E01EBCA78,,Business object,Arjen Brienen,,2018-06-20 15:07:32,28062023-11:06:06,Een overzicht van de verwachte ontvangsten en voorziene uitgaven voor een bepaalde (meestal toekomstige) periode zodat hier een afstemming tussen plaats kan vinden om eventuele tekorten en overschotten vroegtijdig in kaart te kunnen brengen. ,,nan,id-c95cf400-8487-4ff3-b475-ca1e01ebca78,2022-12-12 16:28:27,Begroting,Begroting,EAPK_5FFD0C07_FF86_4896_9605_D8492189984D,1.0,Proposed,,,,,1.0,
EAID_87964E36_9FEE_4b8f_A053_C4EDAF000646,,Business object,Arjen Brienen,,2018-06-20 15:07:04,28062023-11:06:06,Een item op de begroting,,nan,id-87964e36-9fee-4b8f-a053-c4edaf000646,2022-12-12 16:28:27,Begrotingregel,Begrotingregel,EAPK_5FFD0C07_FF86_4896_9605_D8492189984D,1.0,Proposed,,,Een begrotingsregel betreft #. een combinatie van hoofdstuk met optioneel doelstelling met optioneel product of #. een kostenplaats met 1 of meer hoofdrekeningen,,1.0,
EAID_E74D0D46_66EB_4deb_A540_7AB08E95F956,,Business object,Arjen Brienen,,2018-05-14 14:40:52,28062023-11:06:06,Iemand aan wie een dienst of product geleverd is waardoor recht op een vergoeding is ontstaan,,nan,id-e74d0d46-66eb-4deb-a540-7ab08e95f956,2022-12-12 16:28:27,Debiteur,Debiteur,EAPK_5FFD0C07_FF86_4896_9605_D8492189984D,1.0,Proposed,,Schuldenaar,,,1.0,
EAID_2FFE3BAD_CB0E_43ea_A435_FD693B9255C3,,Data object,Arjen Brienen,,2018-06-20 14:52:02,28062023-11:06:06,Een op korte of middellange termijn nagestreefde situatie,,nan,id-2ffe3bad-cb0e-43ea-a435-fd693b9255c3,2022-12-12 16:28:27,Doelstelling,Doelstelling,EAPK_5FFD0C07_FF86_4896_9605_D8492189984D,1.0,Proposed,,,,,1.0,
EAID_E1DA56C3_6ECA_4ec9_8CF4_FC57E1C43102,,Business object,Arjen Brienen,,2018-05-14 14:38:41,28062023-11:06:06,Schriftelijke rekening of nota voor de geleverde zaken of verrichte diensten.,,nan,id-e1da56c3-6eca-4ec9-8cf4-fc57e1c43102,2022-12-12 16:28:27,Factuur,Factuur,EAPK_5FFD0C07_FF86_4896_9605_D8492189984D,1.0,Proposed,,,,,1.0,
EAID_65E960EA_CC92_4af1_AF2B_B4625FA6AEA0,,Data object,Arjen Brienen,,2018-05-14 14:49:03,28062023-11:06:06,Een item op de factuur,,nan,id-65e960ea-cc92-4af1-af2b-b4625fa6aea0,2022-12-12 16:28:27,Factuurregel,Factuurregel,EAPK_5FFD0C07_FF86_4896_9605_D8492189984D,1.0,Proposed,,,,,1.0,
EAID_0EEAF579_3F47_4551_B9F9_7367280EB3EB,,Business object,Arjen Brienen,,2018-05-14 14:24:29,28062023-11:06:06,Centrale rekening,,nan,id-0eeaf579-3f47-4551-b9f9-7367280eb3eb,2022-12-12 16:28:27,Hoofdrekening,Hoofdrekening,EAPK_5FFD0C07_FF86_4896_9605_D8492189984D,1.0,Proposed,,,,,1.0,
EAID_FFAA30D3_91C2_44aa_B52D_B21C51DB0326,,Business object,Arjen Brienen,,2018-06-20 14:50:09,28062023-11:06:06,Onderdeel van een langere tekst.,,nan,id-ffaa30d3-91c2-44aa-b52d-b21c51db0326,2022-12-12 16:28:27,Hoofdstuk,Hoofdstuk,EAPK_5FFD0C07_FF86_4896_9605_D8492189984D,1.0,Proposed,,,,,1.0,
EAID_A91E9C27_C4FA_4e1b_A4FF_8AE74ED9B7EB,,Business object,Arjen Brienen,,2018-05-15 09:47:48,28062023-11:06:06,Een opdracht (gezien vanuit de klant) voor √©√©n of meer leveringen door de leverancier aan die klant van een bepaalde hoeveelheid gespecificeerde goederen en/of diensten onder overeengekomen leveringsvoorwaarden en prijzen.,,nan,id-a91e9c27-c4fa-4e1b-a4ff-8ae74ed9b7eb,2022-12-12 16:28:27,Inkooporder,Inkooporder,EAPK_5FFD0C07_FF86_4896_9605_D8492189984D,1.0,Proposed,,,,,1.0,
EAID_D90E822D_7EF8_4ea6_AF5C_4A4362577941,,Business object,Arjen Brienen,,2018-03-21 12:25:41,28062023-11:06:06,Rekening waaraan boekingen in een financi√´le administratie samen worden toegeschreven.,,nan,id-d90e822d-7ef8-4ea6-af5c-4a4362577941,2022-12-12 16:28:27,Kostenplaats,Kostenplaats,EAPK_5FFD0C07_FF86_4896_9605_D8492189984D,1.0,Proposed,,,,,1.0,
EAID_9BC68DA7_C2A2_4585_BBF4_A4699EB6C302,,Data object,Arjen Brienen,,2018-06-20 14:38:44,28062023-11:06:06,Typering van een kostenplaats,,nan,id-9bc68da7-c2a2-4585-bbf4-a4699eb6c302,2022-12-12 16:28:27,Kostenplaatssoort,Kostenplaatssoort,EAPK_5FFD0C07_FF86_4896_9605_D8492189984D,1.0,Proposed,,,,,1.0,
EAID_CB0A6B53_D263_459e_8C28_AD97E5552FFF,,Business object,Arjen Brienen,,2018-06-20 14:17:00,28062023-11:06:06,Wijziging van een situatie,,nan,id-cb0a6b53-d263-459e-8c28-ad97e5552fff,2022-12-12 16:28:27,Mutatie,Mutatie,EAPK_5FFD0C07_FF86_4896_9605_D8492189984D,1.0,Proposed,,,"Dit kan naast getoonde mutaties nog diverse andere soorten mutaties betreffen, die handmatig worden ingevoerd, of via batches of facturen lopen: * Verkoop tot ontvangst * Inkoop tot betaling * BTW-compensatie * Vaste activa * Urenadministratie uit TIM",,1.0,
EAID_C2520FC3_622B_4edf_B911_C661B0D710FE,,Business object,Arjen Brienen,,2018-06-20 15:01:14,28062023-11:06:06,Persoon die een opdracht verstrekt. ,,nan,id-c2520fc3-622b-4edf-b911-c661b0d710fe,2022-12-12 16:28:27,Opdrachtgever,Opdrachtgever,EAPK_5FFD0C07_FF86_4896_9605_D8492189984D,1.0,Proposed,,,,,1.0,
EAID_9ABE303F_1E8D_407c_BBB8_E7DAC383E0C3,,Business object,Arjen Brienen,,2018-06-20 15:01:30,28062023-11:06:06,Partij die een opdracht aanvaardt. ,,nan,id-9abe303f-1e8d-407c-bbb8-e7dac383e0c3,2022-12-12 16:28:27,Opdrachtnemer,Opdrachtnemer,EAPK_5FFD0C07_FF86_4896_9605_D8492189984D,1.0,Proposed,,,,,1.0,
EAID_04439F81_75DB_45cf_BE7A_352A54A95D73,,Data object,Arjen Brienen,,2018-06-20 14:52:11,28062023-11:06:06,Het resultaat van een proces dat in het economisch verkeer een waarde bezit.,,nan,id-04439f81-75db-45cf-be7a-352a54a95d73,2022-12-12 16:28:28,Product,Product,EAPK_5FFD0C07_FF86_4896_9605_D8492189984D,1.0,Proposed,,,,,1.0,
EAID_1EC60172_CB6B_40c9_9818_C7A708C8540E,,Data object,Arjen Brienen,,2018-06-20 14:30:43,28062023-11:06:06,Ondergeschikte rekening van een hoofdrekening,,nan,id-1ec60172-cb6b-40c9-9818-c7a708c8540e,2022-12-12 16:28:28,Subrekening,Subrekening,EAPK_5FFD0C07_FF86_4896_9605_D8492189984D,1.0,Proposed,,,,,1.0,
EAID_E81C0FA0_2203_489a_98E9_32F1CB200E75,,Data object,aashkpour,https://buren.begroting-2020.nl/p11385/wat-is-een-taakveld,2022-08-23 17:08:18,28062023-11:06:06,Een samenhangend geheel van activiteiten en taken en hangt onder een programma.,,nan,id-e81c0fa0-2203-489a-98e9-32f1cb200e75,2023-07-24 10:48:51,Taakveld,Taakveld,EAPK_5FFD0C07_FF86_4896_9605_D8492189984D,1.0,Proposed,,,Een taakveld kan verbonden zijn aan een strategische opgave. Dat betekent dat het budget voor de activiteiten die nodig zijn om de opgave uit te voeren daar te vinden zijn.,,1.0,
EAID_4AF7FA48_DFB0_474f_B797_A13D5FD37530,,Business object,Arjen Brienen,,2018-06-20 14:30:34,28062023-11:06:06,Opdracht voor de uitvoering van een activiteit of een stap in een proces.,,nan,id-4af7fa48-dfb0-474f-b797-a13d5fd37530,2022-12-12 16:28:28,Werkorder,Werkorder,EAPK_5FFD0C07_FF86_4896_9605_D8492189984D,1.0,Proposed,,,,,1.0,
EAID_CD79FE96_BD24_406c_8D57_7974BFADD3A1,,,,,,,,,,,,$help://domain_model_pattern.Htm,$help://domain_model_pattern.htm,EAPK_1825F01E_BA3C_4e53_B3B3_BD1E69F94A10,,,,,,,,
EAID_F95E3068_5FAA_47a4_995F_5B9ADF2FA2C7,,Business object,Arjen Brienen,https://www.begrippenxl.nl/bv/nl/page/Dienstverband,2018-06-12 16:10:59,28062023-11:06:06,De rechtsbetrekking tussen werkgever en werknemer zoals vastgelegd in een arbeidsovereenkomst.,,nan,id-f95e3068-5faa-47a4-995f-5b9adf2fa2c7,2022-12-12 16:28:28,Aanstelling,Aanstelling,EAPK_9ADEFB08_F150_4278_8D32_32465C57E8A7,1.0,Proposed,,Dienstverband,,,1.0,
EAID_2A0CC803_9017_4fad_99B5_9347623090F5,,Business object,Arjen Brienen,https://onderwijsbegrippen.nl/fora-owb/nl/page/7cb7ef6a-3803-4438-aa29-a7e7c4015306,2018-04-04 16:57:17,28062023-11:06:06,Beoordeling is het oordeel van de professional over het functioneren van een leerling,,nan,id-2a0cc803-9017-4fad-99b5-9347623090f5,2022-12-12 16:28:28,Beoordeling,Beoordeling,EAPK_9ADEFB08_F150_4278_8D32_32465C57E8A7,1.0,Proposed,,,,,1.0,
EAID_E611CEB2_F4FA_49e2_AA6B_B380BC1918AC,,Data object,Arjen Brienen,,2018-06-12 16:24:09,28062023-11:06:06,Een opgave van te vergoeden kosten.,,nan,id-e611ceb2-f4fa-49e2-aa6b-b380bc1918ac,2022-12-12 16:28:28,Declaratie,Declaratie,EAPK_9ADEFB08_F150_4278_8D32_32465C57E8A7,1.0,Proposed,,,,,1.0,
EAID_9D4FB9DF_D68A_4503_96C0_272B6777A4FC,,Data object,Arjen Brienen,,2018-06-12 16:24:23,28062023-11:06:06,Typering van een declaratie,,nan,id-9d4fb9df-d68a-4503-96c0-272b6777a4fc,2022-12-12 16:28:28,Declaratiesoort,Declaratiesoort,EAPK_9ADEFB08_F150_4278_8D32_32465C57E8A7,1.0,Proposed,,,,,1.0,
EAID_63FF86E2_1BB0_48f6_8D95_3D82E8D2FA06,,Business object,Arjen Brienen,https://www.begrippenxl.nl/bv/nl/page/Dienstverband,2018-04-04 15:27:50,28062023-11:06:06,De rechtsbetrekking tussen werkgever en werknemer zoals vastgelegd in een arbeidsovereenkomst.,,nan,id-63ff86e2-1bb0-48f6-8d95-3d82e8d2fa06,2022-12-12 16:28:28,Dienstverband,Dienstverband,EAPK_9ADEFB08_F150_4278_8D32_32465C57E8A7,1.0,Proposed,,,,,1.0,
EAID_50F3F931_38F4_4ff0_8CE4_8A51056767E0,,Business object,Arjen Brienen,,2018-06-12 16:30:20,28062023-11:06:06,"Een besluit dat wordt opgelegd wanneer een persoon zijn verplichtingen niet of niet op de juiste wijze nakomt, of zich op andere wijze misdraagt.",,nan,id-50f3f931-38f4-4ff0-8ce4-8a51056767e0,2022-12-12 16:28:28,DisciplinaireMaatregel,Disciplinaire Maatregel,EAPK_9ADEFB08_F150_4278_8D32_32465C57E8A7,1.0,Proposed,,,,,1.0,
EAID_D69EE16A_390C_4d6f_BC01_2B13FB3B22F1,,Business object,crossover,,2018-04-19 11:24:27,28062023-11:06:06,Model waarin functies van een organisatie worden beschreven.,,nan,id-d69ee16a-390c-4d6f-bc01-2b13fb3b22f1,2022-12-12 16:28:28,Functiehuis,Functiehuis,EAPK_9ADEFB08_F150_4278_8D32_32465C57E8A7,1.0,Proposed,,,,,1.0,
EAID_261363C5_1E00_4b6a_B570_2129DC044010,,Data object,Arjen Brienen,http://lod.duo.nl/term/Opleiding,2018-06-12 16:13:16,28062023-11:06:06,"Afgeronde opleiding, een samenhangend geheel van vakken, gericht op de verwezenlijking van welomschreven doelstellingen op het gebied van kennis, inzicht en vaardigheden",,nan,id-261363c5-1e00-4b6a-b570-2129dc044010,2022-12-12 16:28:28,GenotenOpleiding,Genoten Opleiding,EAPK_9ADEFB08_F150_4278_8D32_32465C57E8A7,1.0,Proposed,,,,,1.0,
EAID_41AFF74F_ADBE_4f3f_AB2F_25027A70E573,,Business object,crossover,,2018-04-19 14:48:54,28062023-11:06:06,"Een gebeurtenis met betrekking tot agressie en omvat het veroorzaken van verwondingen of schade bij mensen, dieren, of voorwerpen. ",,nan,id-41aff74f-adbe-4f3f-ab2f-25027a70e573,2022-12-12 16:28:28,Geweldsincident,Geweldsincident,EAPK_9ADEFB08_F150_4278_8D32_32465C57E8A7,1.0,Proposed,,,,,1.0,
EAID_B64178F1_7D37_4a77_BEF7_97E8C9DDA4E8,,Business object,crossover,,2018-04-23 16:11:55,28062023-11:06:06,Bedrag dat feitelijk beschikbaar gesteld wordt voor een individu om een bepaalde keus te kunnen maken,,nan,id-b64178f1-7d37-4a77-bef7-97e8c9dda4e8,2022-12-12 16:28:28,IndividueelKeuzebudget,Individueel Keuzebudget,EAPK_9ADEFB08_F150_4278_8D32_32465C57E8A7,1.0,Proposed,,,,,1.0,
EAID_B9288D01_0B8F_4f8c_BAE1_AFD1B0EF6FDF,,Data object,crossover,,2018-04-23 16:12:39,28062023-11:06:06,De daadwerkelijk uitgave van een keuzebudget,,nan,id-b9288d01-0b8f-4f8c-bae1-afd1b0ef6fdf,2022-12-12 16:28:28,KeuzebudgetBesteding,Keuzebudgetbesteding ,EAPK_9ADEFB08_F150_4278_8D32_32465C57E8A7,1.0,Proposed,,,,,1.0,
EAID_A0051651_4772_436d_9553_B432BDCE3A52,,Data object,crossover,,2018-04-23 16:15:08,28062023-11:06:06,Typering van een keuzebudgetbesteding,,nan,id-a0051651-4772-436d-9553-b432bdce3a52,2022-12-12 16:28:28,KeuzebudgetBestedingsoort,Keuzebudgetbestedingsoort,EAPK_9ADEFB08_F150_4278_8D32_32465C57E8A7,1.0,Proposed,,,,,1.0,
EAID_59F3063A_13A6_4cbc_A387_045A6B126746,,Business object,Arjen Brienen,http://lod.duo.nl/term/Onderwijsinstelling,2018-06-12 16:21:11,28062023-11:06:06,Een instituut waar onderwijs wordt gegeven.,,nan,id-59f3063a-13a6-4cbc-a387-045a6b126746,2022-12-12 16:28:28,Onderwijsinstituut,Onderwijsinstituut,EAPK_9ADEFB08_F150_4278_8D32_32465C57E8A7,1.0,Proposed,,Onderwijsinstelling,,,1.0,
EAID_E07D60DE_CD26_4cef_A18B_6F72CC76C1B6,,Business object,Arjen Brienen,http://lod.duo.nl/term/Opleiding,2018-06-12 16:12:57,28062023-11:06:06,"Een samenhangend geheel van vakken, gericht op de verwezenlijking van welomschreven doelstellingen op het gebied van kennis, inzicht en vaardigheden.",,nan,id-e07d60de-cd26-4cef-a18b-6f72cc76c1b6,2022-12-12 16:28:28,Opleiding,Opleiding,EAPK_9ADEFB08_F150_4278_8D32_32465C57E8A7,1.0,Proposed,,,,,1.0,
EAID_FE559B58_A6CD_4108_82BE_98E1AEBFD9BD,,Data object,Arjen Brienen,,2018-05-28 16:57:07,28062023-11:06:06,"Betrekking waarin personen, zaken, begrippen of grootheden van nature tot elkaar staan.",,nan,id-fe559b58-a6cd-4108-82be-98e1aebfd9bd,2022-12-12 16:28:28,Relatie,Relatie,EAPK_9ADEFB08_F150_4278_8D32_32465C57E8A7,1.0,Proposed,,,,,1.0,
EAID_131BDD67_2A31_43c5_9125_F12DE2D98D2D,,Business object,Arjen Brienen,,2018-06-04 16:29:44,28062023-11:06:06,Persoon die werk zoekt,,nan,id-131bdd67-2a31-43c5-9125-f12de2d98d2d,2022-12-12 16:28:28,Sollicitant,Sollicitant,EAPK_9ADEFB08_F150_4278_8D32_32465C57E8A7,1.0,Proposed,,,,,1.0,
EAID_3BD1368C_23F1_4f42_99DB_C81581A646A0,,Business object,crossover,,2018-04-19 11:49:11,28062023-11:06:06,Verzoek om in een functie te worden aangesteld.,,nan,id-3bd1368c-23f1-4f42-99db-c81581a646a0,2022-12-12 16:28:28,Sollicitatie,Sollicitatie,EAPK_9ADEFB08_F150_4278_8D32_32465C57E8A7,1.0,Proposed,,,,,1.0,
EAID_1D4DA0E6_DA20_4ff7_A415_B937712C6F6D,,Business object,crossover,,2018-04-19 11:55:37,28062023-11:06:06,Onderhoud tussen sollicitant en werkgever met betrekking tot een sollicatie,,nan,id-1d4da0e6-da20-4ff7-a415-b937712c6f6d,2022-12-12 16:28:28,Sollicitatiegesprek,Sollicitatiegesprek,EAPK_9ADEFB08_F150_4278_8D32_32465C57E8A7,1.0,Proposed,,,,,1.0,
EAID_B0747DFC_DFC8_4ef2_8E1E_C2E8606036FC,,Data object,Arjen Brienen,,2018-06-12 16:30:49,28062023-11:06:06,Typering van een disciplinaire maatregel,,nan,id-b0747dfc-dfc8-4ef2-8e1e-c2e8606036fc,2022-12-12 16:28:28,SoortDisciplinaireMaatregel,Soort Disciplinaire Maatregel,EAPK_9ADEFB08_F150_4278_8D32_32465C57E8A7,1.0,Proposed,,,,,1.0,
EAID_93165DEC_ECB7_4225_9484_E1727524A1B5,,Data object,Arjen Brienen,,2018-06-07 10:59:08,28062023-11:06:06,Aantal besteedde uren aan een activiteit,,nan,id-93165dec-ecb7-4225-9484-e1727524a1b5,2022-12-12 16:28:28,Uren,Uren,EAPK_9ADEFB08_F150_4278_8D32_32465C57E8A7,1.0,Proposed,,,,,1.0,
EAID_DC978807_5F36_4148_B816_D6886D026DD8,,Business object,crossover,,2018-04-19 14:40:43,28062023-11:06:06,Een arbeidsplaats binnen een bedrijf of organisatie die nog gevuld dient te worden door werkzoekenden.,,nan,id-dc978807-5f36-4148-b816-d6886d026dd8,2022-12-12 16:28:28,Vacature,Vacature,EAPK_9ADEFB08_F150_4278_8D32_32465C57E8A7,1.0,Proposed,,,,,1.0,
EAID_D04135BF_C2F0_46dd_B332_F1BE36C358EF,,Business object,crossover,https://www.begrippenxl.nl/bv/nl/page/Verlof,2018-04-19 11:32:12,28062023-11:06:06,"Een periode waarin iemand toestemming heeft om iets te doen, in het bijzonder om afwezig te zijn.",,nan,id-d04135bf-c2f0-46dd-b332-f1be36c358ef,2022-12-12 16:28:28,Verlof,Verlof,EAPK_9ADEFB08_F150_4278_8D32_32465C57E8A7,1.0,Proposed,,,,,1.0,
EAID_ED741EE1_E773_40e3_B0E6_8D9886EB792F,,Data object,crossover,,2018-04-19 11:32:24,28062023-11:06:06,Typering van verlof,,nan,id-ed741ee1-e773-40e3-b0e6-8d9886eb792f,2022-12-12 16:28:28,Verlofsoort,Verlofsoort,EAPK_9ADEFB08_F150_4278_8D32_32465C57E8A7,1.0,Proposed,,,,,1.0,
EAID_610B18E6_B675_4cc0_A883_BAB9D384C668,,Business object,crossover,,2018-04-19 11:32:37,28062023-11:06:06,Een afwezigheid van een werknemer van werk.,,nan,id-610b18e6-b675-4cc0-a883-bab9d384c668,2022-12-12 16:28:28,Verzuim,Verzuim,EAPK_9ADEFB08_F150_4278_8D32_32465C57E8A7,1.0,Proposed,,,,,1.0,
EAID_45900108_585D_45ec_A042_BF4928B7F6DC,,Data object,crossover,,2018-04-19 11:33:03,28062023-11:06:06,Typologie van verzuim,,nan,id-45900108-585d-45ec-a042-bf4928b7f6dc,2022-12-12 16:28:28,Verzuimsoort,Verzuimsoort,EAPK_9ADEFB08_F150_4278_8D32_32465C57E8A7,1.0,Proposed,,,,,1.0,
EAID_BBBB63AC_B546_409b_B6D4_53DB561253B7,,Business object,Arjen Brienen,,2018-05-28 16:55:02,28062023-11:06:06,De contractuele wederpartij van de werkgever bij de arbeidsovereenkomst.,,nan,id-bbbb63ac-b546-409b-b6d4-53db561253b7,2022-12-12 16:28:28,Werknemer,Werknemer,EAPK_9ADEFB08_F150_4278_8D32_32465C57E8A7,1.0,Proposed,,,,,1.0,
EAID_961D47A0_8BCA_48d3_B8FE_831EE78DE20F,,,,,,,,,,,,$help://domain_model_pattern.Htm,$help://domain_model_pattern.htm,EAPK_E593FB18_D458_4462_B5F2_0B37FA3AA722,,,,,,,,
EAID_44EC6082_2682_43c7_A52E_0AD05B06A046,,Business object,abrienen,https://data.crow.nl/thesaurus/term/A329D70E-12C3-47AB-8F12-7F3DBAFBA9CE,2019-11-26 15:10:12,28062023-11:06:06,"Kan een (enkel of meervoudige) onderhandse aanbesteding, of een nationale of Europese aanbesteding ",,nan,id-44ec6082-2682-43c7-a52e-0ad05b06a046,2022-12-12 16:28:28,Aanbesteding,Aanbesteding,EAPK_254CDF37_3AAB_4e0b_9F3C_2B46AAEBE2E9,1.0,Proposed,,,,,1.0,
EAID_01D90490_C76A_444a_BFCE_355AFC5FB012,,Business object,abrienen,,2019-11-26 15:14:45,28062023-11:06:06,Aanbesteding voor inhuur van personen of diensten,,nan,id-01d90490-c76a-444a-bfce-355afc5fb012,2022-12-12 16:28:28,AanbestedingInhuur,Aanbesteding Inhuur,EAPK_254CDF37_3AAB_4e0b_9F3C_2B46AAEBE2E9,1.0,Proposed,,,,,1.0,
EAID_BB135B0E_A2C2_4681_BD91_30863F8B3D70,,Business object,abrienen,,2019-11-26 15:09:54,28062023-11:06:06,Aankondiging van een Nationale of Europese aanbesteding,,nan,id-bb135b0e-a2c2-4681-bd91-30863f8b3d70,2022-12-12 16:28:28,Aankondiging,Aankondiging,EAPK_254CDF37_3AAB_4e0b_9F3C_2B46AAEBE2E9,1.0,Proposed,,"Kennisgeving, Bekendmaking",,,1.0,
EAID_33E5EA10_F43A_4966_B9C1_875F0E2C1B52,,Business object,abrienen,,2019-10-29 11:10:05,28062023-11:06:06,het betreft hier het formulier 'Aanvraag Inkooporder',,nan,id-33e5ea10-f43a-4966-b9c1-875f0e2c1b52,2022-12-12 16:28:28,AanvraagInkooporder,Aanvraag Inkooporder,EAPK_254CDF37_3AAB_4e0b_9F3C_2B46AAEBE2E9,1.0,Proposed,,,,,1.0,
EAID_6CA060D0_C5AC_4b50_8B64_00DCAEA7EF48,,Data object,abrienen,,2019-11-26 15:16:32,28062023-11:06:06,Categorie waarop leveranciers zich voor de levering van personeel voor kunnen kwalificeren,,nan,id-6ca060d0-c5ac-4b50-8b64-00dcaea7ef48,2022-12-12 16:28:28,Categorie,Categorie,EAPK_254CDF37_3AAB_4e0b_9F3C_2B46AAEBE2E9,1.0,Proposed,,,,,1.0,
EAID_9FBF9FB8_B28D_4733_8443_607B8498F446,,Business object,abrienen,,2019-10-29 10:34:40,28062023-11:06:06,Bindende overeenkomst,,nan,id-9fbf9fb8-b28d-4733-8443-607b8498f446,2022-12-12 16:28:28,Contract,Contract,EAPK_254CDF37_3AAB_4e0b_9F3C_2B46AAEBE2E9,1.0,Proposed,,,,,1.0,
EAID_6A4CF470_3B0E_4141_9DB6_C9E8A525CB49,,Business object,abrienen,https://www.pianoo.nl/nl/regelgeving/cpv-codes,2019-11-27 14:11:20,28062023-11:06:06,"De Common Procurement Vocabulary (CPV-codes) is een gemeenschappelijke woordenlijst van de EU, alle mogelijke soorten overheidsopdrachten voor diensten, leveringen en werken hebben een eigen code gekregen. Aanbestedende diensten moeten bij Europese aanbestedingen dit classificatiesysteem toepassen.",,nan,id-6a4cf470-3b0e-4141-9db6-c9e8a525cb49,2022-12-12 16:28:29,CPVCode,CPV-code,EAPK_254CDF37_3AAB_4e0b_9F3C_2B46AAEBE2E9,1.0,Proposed,,,,,1.0,
EAID_B598FF22_CDD0_486f_B528_99421D0FA608,,Data object,abrienen,,2019-11-18 15:32:41,28062023-11:06:06,Formulier ten behoeve van inhuur personeel,,nan,id-b598ff22-cdd0-486f-b528-99421d0fa608,2022-12-12 16:28:29,FormulierInhuur,Formulier Inhuur,EAPK_254CDF37_3AAB_4e0b_9F3C_2B46AAEBE2E9,1.0,Proposed,,,,,1.0,
EAID_1D87490A_9F07_424f_BE6F_5E9C11376B05,,Data object,abrienen,,2019-11-18 15:34:04,28062023-11:06:06,Formulier ten behoeve van verlenging inhuur personeel,,nan,id-1d87490a-9f07-424f-be6f-5e9c11376b05,2022-12-12 16:28:29,FormulierVerlengingInhuur,Formulier Verlenging Inhuur,EAPK_254CDF37_3AAB_4e0b_9F3C_2B46AAEBE2E9,1.0,Proposed,,,,,1.0,
EAID_3FB9B466_D147_42d7_99D1_2D14A007D16C,,Business object,abrienen,,2019-11-26 15:11:46,28062023-11:06:06,"Gunning van een (enkel of meervoudige) onderhandse aanbesteding, of een nationale of Europese aanbesteding 
Of voor levering personeel",,nan,id-3fb9b466-d147-42d7-99d1-2d14a007d16c,2022-12-12 16:28:29,Gunning,Gunning,EAPK_254CDF37_3AAB_4e0b_9F3C_2B46AAEBE2E9,1.0,Proposed,,,,,1.0,
EAID_170AF8F5_8952_407a_91C4_EAF910DE3304,,Data object,aashkpour,https://www.pianoo.nl/nl/inkoopproces/organisatie/inkooppakketten,2020-11-12 16:59:28,28062023-11:06:06,"Standaard indeling om de werken, diensten en leveringen die de aanbestedende dienst helpt bij het structureren van haar uitgaven. Samenhangende leveringen, diensten en producten zijn hierin gegroepeerd. ",,nan,id-170af8f5-8952-407a-91c4-eaf910de3304,2022-12-12 16:28:29,Inkooppakket,Inkooppakket,EAPK_254CDF37_3AAB_4e0b_9F3C_2B46AAEBE2E9,1.0,Proposed,,,,,1.0,
EAID_2902E8D6_FF16_45d6_A0A4_47E2857D2D19,,Data object,abrienen,,2019-11-26 15:11:11,28062023-11:06:06,"Inschrijving op een nationale of Europese aanbesteding 
",,nan,id-2902e8d6-ff16-45d6-a0a4-47e2857d2d19,2022-12-12 16:28:29,Inschrijving,Inschrijving,EAPK_254CDF37_3AAB_4e0b_9F3C_2B46AAEBE2E9,1.0,Proposed,,,,,1.0,
EAID_75B4E818_5ECD_45c5_98F9_66F57FC6117E,,Business object,abrienen,,2019-11-27 10:37:40,28062023-11:06:06,Iemand die een bepaalde baan of functie wil ,,nan,id-75b4e818-5ecd-45c5-98f9-66f57fc6117e,2022-12-12 16:28:29,Kandidaat,Kandidaat,EAPK_254CDF37_3AAB_4e0b_9F3C_2B46AAEBE2E9,1.0,Proposed,,Gegadigde,,,1.0,
EAID_AB2AED85_D2B0_45cf_9B1F_C6005E894494,,Data object,abrienen,,2019-11-26 15:10:32,28062023-11:06:06,Kwalifificatie voor een nationale of europese aanbesteding,,nan,id-ab2aed85-d2b0-45cf-9b1f-c6005e894494,2022-12-12 16:28:29,Kwalificatie,Kwalificatie,EAPK_254CDF37_3AAB_4e0b_9F3C_2B46AAEBE2E9,1.0,Proposed,,,,,1.0,
EAID_EA7FE08E_34F7_45d2_BE2E_E4E3B8333BF3,,Business object,Arjen Brienen,,2018-05-29 13:54:06,28062023-11:06:06,Een niet-natuurlijk persoon die een product of dienst levert aan de organisatie,,nan,id-ea7fe08e-34f7-45d2-be2e-e4e3b8333bf3,2022-12-12 16:28:29,Leverancier,Leverancier,EAPK_254CDF37_3AAB_4e0b_9F3C_2B46AAEBE2E9,1.0,Proposed,,,,,1.0,
EAID_BF21FFA3_3EA6_410a_BC65_7BE5547646B6,,Data object,abrienen,,2019-11-27 13:29:18,28062023-11:06:06,"Aanbod, aanbieding of voorstel van goederen of diensten waarin opgave is gedaan van de prijs. ",,nan,id-bf21ffa3-3ea6-410a-bc65-7be5547646b6,2022-12-12 16:28:29,Offerte,Offerte,EAPK_254CDF37_3AAB_4e0b_9F3C_2B46AAEBE2E9,1.0,Proposed,,,,,1.0,
EAID_1EF1AC66_9563_4cdd_AE78_0878D651907A,,Business object,abrienen,,2019-11-26 15:22:25,28062023-11:06:06,Aanbesteding bij inschrijving,,nan,id-1ef1ac66-9563-4cdd-ae78-0878d651907a,2022-12-12 16:28:29,Offerteaanvraag,Offerteaanvraag,EAPK_254CDF37_3AAB_4e0b_9F3C_2B46AAEBE2E9,1.0,Proposed,,,,,1.0,
EAID_B2BD6C5B_460E_4f2a_9B78_3E101DAD8D6B,,Data object,abrienen,,2019-11-18 17:33:00,28062023-11:06:06,Gebaseerd op het procedureoverzicht inkoop. Hierin kan de tabel met drempelbedragen en bijbehorende procedures worden opgeslagen,,nan,id-b2bd6c5b-460e-4f2a-9b78-3e101dad8d6b,2022-12-12 16:28:29,SelectietabelAanbesteding,Selectietabel Aanbesteding,EAPK_254CDF37_3AAB_4e0b_9F3C_2B46AAEBE2E9,1.0,Proposed,,,,,1.0,
EAID_7694A657_22D8_4b00_AAE2_A78EF014B43A,,Data object,abrienen,,2019-11-18 15:32:13,28062023-11:06:06,Formulier voor het starten van een aanbeseding,,nan,id-7694a657-22d8-4b00-aae2-a78ef014b43a,2022-12-12 16:28:29,StartformulierAanbesteden,Startformulier Aanbesteden,EAPK_254CDF37_3AAB_4e0b_9F3C_2B46AAEBE2E9,1.0,Proposed,,,,,1.0,
EAID_BB182A6F_6935_4702_ABEA_B96E32A40B02,,Business object,abrienen,,2019-11-27 14:27:00,28062023-11:06:06,Een verzoek om iets bij te wonen.,,nan,id-bb182a6f-6935-4702-abea-b96e32a40b02,2022-12-12 16:28:29,Uitnodiging,Uitnodiging,EAPK_254CDF37_3AAB_4e0b_9F3C_2B46AAEBE2E9,1.0,Proposed,,Invitatie,,,1.0,
EAID_B66E5230_49A3_4991_8970_913061AC0B62,,,,,,,,,,,,$help://domain_model_pattern.Htm,$help://domain_model_pattern.htm,EAPK_2883DC11_62ED_42cd_A0D6_855258F32079,,,,,,,,
EAID_F29C11C1_477C_4b90_985C_43F94D08230A,,Data object,Arjen Brienen,,2018-04-04 15:28:03,28062023-11:06:06,Een samenhangende verzameling van rollen,,nan,id-f29c11c1-477c-4b90-985c-43f94d08230a,2022-12-12 16:28:29,Functie,Functie,EAPK_69F9CD5F_3226_4180_9264_54AAC6052501,1.0,Proposed,,,,,1.0,
EAID_0E19C86B_9088_41bd_9DD0_15094426570E,,Data object,Arjen Brienen,https://begrippen.hunzeenaas.nl/id/begrip/Id-edfd3789-25cc-3913-a67e-0889c6757591,2018-11-13 15:49:09,28062023-11:06:06,"Een tijdelijke, flexibele organisatiestructuur, die is opgezet om de implementatie van een verzameling met elkaar samenhangende projecten en activiteiten te co√∂rdineren, te sturen en te controleren teneinde te zorgen voor de realisatie van de eindresultaten en benefits die zijn gerelateerd aan de strategische doelstellingen van de organisatie.",,nan,id-0e19c86b-9088-41bd-9dd0-15094426570e,2022-12-12 16:28:29,Programma,Programma,EAPK_69F9CD5F_3226_4180_9264_54AAC6052501,1.0,Proposed,,,,,1.0,
EAID_7087D528_7024_4569_876A_C4605A00546D,,Data object,Arjen Brienen,,2018-05-14 14:32:41,28062023-11:06:06,"Geheel van activiteiten uitgevoerd in een tijdelijk samenwerkingsverband gericht op het binnen bepaalde randvoorwaarden (bv. tijd, geld) bereiken van een vooraf gedefinieerd resultaat.",,nan,id-7087d528-7024-4569-876a-c4605a00546d,2022-12-12 16:28:29,Project,Project,EAPK_69F9CD5F_3226_4180_9264_54AAC6052501,1.0,Proposed,,,,,1.0,
EAID_1F68C981_7E16_4368_8867_CA00AEB08A04,,Business object,crossover,,2018-04-25 16:41:17,28062023-11:06:06,"Bron: GEN_REQ_DATA
ID: REQ_DATA icm VELD_NAAM",,nan,id-1f68c981-7e16-4368-8867-ca00aeb08a04,2022-12-12 16:28:29,Aanvraagdata,Aanvraagdata,EAPK_7F780248_C88C_450f_8318_98C5020AB372,1.0,Proposed,,,,,1.0,
EAID_8E6BAEF8_1878_400f_9244_23575BD41EAB,,Data object,Arjen Brienen,,2018-04-16 14:11:57,28062023-11:06:06,"Komt overeen met een VJV

Bron: GEM_VJV (Distinct op REQ_ID)
ID: REQ_ID",,nan,id-8e6baef8-1878-400f-9244-23575bd41eab,2022-12-12 16:28:29,AanvraagOfMelding,AanvraagOfMelding,EAPK_7F780248_C88C_450f_8318_98C5020AB372,1.0,Proposed,,,,,1.0,
EAID_5AA9821A_A88A_480b_9950_70FE017593B3,,Business object,Arjen Brienen,,2018-10-31 10:59:24,28062023-11:06:06,,,nan,id-5aa9821a-a88a-480b-9950-70fe017593b3,2022-12-12 16:28:29,Afspraakstatus,Afspraakstatus,EAPK_7F780248_C88C_450f_8318_98C5020AB372,1.0,Proposed,,,,,1.0,
EAID_F38E71BC_DDA2_4a9c_A438_C486EC4C4646,,Business object,crossover,,2018-04-16 13:48:36,28062023-11:06:06,"Tekst die is gemaakt om gepubliceerd te worden als een onafhankelijk deel van een tijdschrift, krant, encyclopedie of ander werk",,nan,id-f38e71bc-dda2-4a9c-a438-c486ec4c4646,2022-12-12 16:28:29,Artikel,Artikel,EAPK_7F780248_C88C_450f_8318_98C5020AB372,1.0,Proposed,,,,,1.0,
EAID_631FEEF1_88D3_4d18_ADB2_BF999068493E,,Business object,Arjen Brienen,,2018-10-31 10:43:28,28062023-11:06:06,"Balieafspraken zijn afspraken voor een klantcontact. Dit ongeacht of deze werkelijk heeft plaatsgevonden of gaat plaatsvinden, soms liggen deze in de toekomst of is iemand niet op komen dagen, of iets anders waardoor het klantcontact nog niet heeft plaatsgevonden.",,nan,id-631feef1-88d3-4d18-adb2-bf999068493e,2022-12-12 16:28:29,Balieafspraak,Balieafspraak,EAPK_7F780248_C88C_450f_8318_98C5020AB372,1.0,Proposed,,,"Dit ongeacht of deze werkelijk heeft plaatsgevonden of gaat plaatsvinden, soms liggen deze in de toekomst of is iemand niet op komen dagen, of iets anders waardoor het klantcontact nog niet heeft plaatsgevonden.",,1.0,
EAID_841FC453_80B3_4389_A91F_9498FDC629CF,,Data object,Arjen Brienen,,2018-05-15 16:05:32,28062023-11:06:06,Bron buiten de eigen organisatie,,nan,id-841fc453-80b3-4389-a91f-9498fdc629cf,2022-12-12 16:28:29,ExterneBron,Externe Bron,EAPK_7F780248_C88C_450f_8318_98C5020AB372,1.0,Proposed,,,,,1.0,
EAID_0567826D_81EE_4bbd_8D62_3073B74CDF11,,Data object,Arjen Brienen,,2018-04-25 16:31:00,28062023-11:06:06,"Bron: GEM_FORM
ID: FORM_ID",,nan,id-0567826d-81ee-4bbd-8d62-3073b74cdf11,2022-12-12 16:28:29,Formuliersoort,Formuliersoort,EAPK_7F780248_C88C_450f_8318_98C5020AB372,1.0,Proposed,,,,,1.0,
EAID_E512AEFD_85FB_4b57_82FE_709221307861,,Data object,crossover,,2018-04-26 16:48:10,28062023-11:06:06,"Bron: GEM_VELD
ID: FORM_ID en VELD_NAAM",,nan,id-e512aefd-85fb-4b57-82fe-709221307861,2022-12-12 16:28:29,Formuliersoortveld,Formuliersoortveld,EAPK_7F780248_C88C_450f_8318_98C5020AB372,1.0,Proposed,,,,,1.0,
EAID_A9B89FF7_BCED_49fc_97A4_2A98BCED5B17,,Data object,aashkpour,,2020-03-23 15:15:46,28062023-11:06:06,,,nan,id-a9b89ff7-bced-49fc-97a4-2a98bced5b17,2022-12-12 16:28:29,MORAanvraagOfMelding,MORAanvraagOfMelding,EAPK_7F780248_C88C_450f_8318_98C5020AB372,1.0,Proposed,,,,,1.0,
EAID_8D758F67_6085_4ac7_BFDC_8D97AB632A93,,Business object,Arjen Brienen,,2018-07-05 14:24:43,28062023-11:06:06,"Bron: GEM_VJV_ONDERWERP
ID: ONDERWERP_ID",,nan,id-8d758f67-6085-4ac7-bfdc-8d97ab632a93,2022-12-12 16:28:29,Onderwerp,Onderwerp,EAPK_7F780248_C88C_450f_8318_98C5020AB372,1.0,Proposed,,,,,1.0,
EAID_4B871112_CB41_4bfb_BD43_117C63D31BB4,,Business object,Arjen Brienen,,2018-07-05 14:22:55,28062023-11:06:06,Bron: QP_CALENDAR.CFM_SERVICES,,nan,id-4b871112-cb41-4bfb-bd43-117c63d31bb4,2022-12-12 16:28:29,ProductOfDienst,ProductOfDienst,EAPK_7F780248_C88C_450f_8318_98C5020AB372,1.0,Proposed,,,,,1.0,
EAID_48FE13A9_2204_4631_BAEE_E2D3B10E9A2D,,Business object,Arjen Brienen,,2018-11-22 16:24:16,28062023-11:06:06,,,nan,id-48fe13a9-2204-4631-baee-e2d3b10e9a2d,2022-12-12 16:28:29,Telefoononderwerp,Telefoononderwerp,EAPK_7F780248_C88C_450f_8318_98C5020AB372,1.0,Proposed,,,,,1.0,
EAID_D8A82A45_03C3_44d5_AF32_3138A55B2E75,,Data object,Arjen Brienen,,2018-11-22 16:22:06,28062023-11:06:06,"<ul>
 <li>ABANDONEDALERTING: “Opgehangen tijdens overgaan telefoon”</li>
 <li>DROPPEDCANCELED: “Opgehangen door systeem”</li>
 <li>ABANDONEDQUEUED: “Opgehangen tijdens wachten, zonder boodschap. ”</li>
 <li>CONNECTEDDIRECT: “Direct verbonden”</li>
 <li>CONNECTEDQUEUEDANNOUNCE: “Verbonden na wachtrij met boodschap”</li>
 <li>AbandonedQUEUEDANNOUNCE: “Opgehangen in wachtrij met boodschap”</li>
 <li>DroppedBusy: “Opgehangen door systeem, te druk”</li>
 <li>REJECTED: “Geweigerd door systeem”</li>
 <li>Droppedoverload: “Opgehangen door systeem vanwege overbelasting”</li>
</ul>",,nan,id-d8a82a45-03c3-44d5-af32-3138a55b2e75,2022-12-12 16:28:29,Telefoonstatus,Telefoonstatus,EAPK_7F780248_C88C_450f_8318_98C5020AB372,1.0,Proposed,,,,,1.0,
EAID_EEB60E10_C244_4176_AB68_F0E30759269F,,Business object,Arjen Brienen,,2018-11-21 16:33:33,28062023-11:06:06,"De telefoontjes zijn alle keren dat iemand naar de gemeente belt en het telefoonsysteem neemt deze telefoontjes aan. Ongeacht of iemand daarna ophangt, door het systeem uit de wachtrij wordt gezet, doorverbonden wordt met een derde partij of er werkelijk wordt opgenomen.     ",,nan,id-eeb60e10-c244-4176-ab68-f0e30759269f,2022-12-12 16:28:29,Telefoontje,Telefoontje,EAPK_7F780248_C88C_450f_8318_98C5020AB372,1.0,Proposed,,,,,1.0,
EAID_89623326_E680_4139_B7C8_F2B4B5C83E11,,,arjen,,2023-07-24 11:21:23,,Verzoek om terug te bellen naar aanleiding van een telefoontje.,,,,2023-07-24 11:28:59,Terugbelverzoek,Terugbelverzoek,EAPK_7F780248_C88C_450f_8318_98C5020AB372,1.0,Proposed,,,,,1.0,
EAID_137DECB4_F249_4039_B4F3_787852C4CB11,,Data object,Arjen Brienen,,2018-05-15 10:31:56,28062023-11:06:06,bepaalde tijdsduur.,,nan,id-137decb4-f249-4039-b4f3-787852c4cb11,2022-12-12 16:28:30,Periode,Periode,EAPK_6E9CB375_FA92_4e08_A811_527A3AAAA7D0,1.0,Proposed,,,,,1.0,
EAID_7FE4B466_B051_4068_9ED1_6E60C3B2DBAD,,Data object,Arjen Brienen,,2019-05-09 14:47:49,28062023-11:06:06,Afbeelding op een plat vlak vervaardigd door middel van fotografie,,nan,id-7fe4b466-b051-4068-9ed1-6e60c3b2dbad,2022-12-12 16:28:30,Foto,Foto,EAPK_1738C6AD_81AA_423a_B053_982B95D9468A,1.0,Proposed,,,,,1.0,
EAID_0303A7A4_EF51_4262_AEE0_642FA5064807,,Business object,Arjen Brienen,,2019-10-22 09:39:03,28062023-11:06:06,"Een aaneengesloten gedeelte van een wijk, waarvan de grenzen zo veel mogelijk gebaseerd zijn op topografische elementen.",,nan,id-0303a7a4-ef51-4262-aee0-642fa5064807,2022-12-12 16:28:30,Gebied,Gebied,EAPK_1738C6AD_81AA_423a_B053_982B95D9468A,1.0,Proposed,,,,,1.0,
EAID_85E3996B_578D_4313_B078_2773F98412D9,,Data object,Arjen Brienen,,2019-10-22 09:40:17,28062023-11:06:06,Verzameling van gebieden,,nan,id-85e3996b-578d-4313-b078-2773f98412d9,2022-12-12 16:28:30,Gebiedengroep,Gebiedengroep,EAPK_1738C6AD_81AA_423a_B053_982B95D9468A,1.0,Proposed,,,,,1.0,
EAID_FAB83AD1_DC8C_4f78_B54F_33466EB9B139,,Data object,Arjen Brienen,https://aquo.begrippenxl.nl/aquo/nl/page/Id-f6dbc04f-01ce-4ba5-92af-c7b059ebd39d,2019-10-22 09:38:52,28062023-11:06:06,Denkbeeldige streep op de aardoppervlakte,,nan,id-fab83ad1-dc8c-4f78-b54f-33466eb9b139,2022-12-12 16:28:30,Lijn,Lijn,EAPK_1738C6AD_81AA_423a_B053_982B95D9468A,1.0,Proposed,,,,,1.0,
EAID_CD06432A_B69D_4ab2_A5B0_C4C3092835A0,,Data object,Arjen Brienen,,2019-10-22 09:40:05,28062023-11:06:06,Verzameling van lijnen,,nan,id-cd06432a-b69d-4ab2-a5b0-c4c3092835a0,2022-12-12 16:28:30,Lijnengroep,Lijnengroep,EAPK_1738C6AD_81AA_423a_B053_982B95D9468A,1.0,Proposed,,,,,1.0,
EAID_79284529_B817_4e3f_BE51_AEAFC60BDE44,,Business object,Arjen Brienen,https://thesaurus.cultureelerfgoed.nl/concept/aot:958543a5-6438-467b-abf2-872e027f395d/nl,2019-10-22 09:37:55,28062023-11:06:06,De locatie beschrijft middels co√∂rdinaten de ruimtelijke dimensie of ruimtelijke afbakening van een regel of van een objecttype die in de regel beschreven wordt. (CIMOW),,nan,id-79284529-b817-4e3f-be51-aeafc60bde44,2022-12-12 16:28:30,Locatie,Locatie,EAPK_1738C6AD_81AA_423a_B053_982B95D9468A,1.0,Proposed,,,,,1.0,
EAID_20437683_6777_4c7b_B44B_1E3A216239AA,,Data object,Arjen Brienen,,2019-10-22 09:38:45,28062023-11:06:06,Plaats in de ruimte,,nan,id-20437683-6777-4c7b-b44b-1e3a216239aa,2022-12-12 16:28:30,Punt,Punt,EAPK_1738C6AD_81AA_423a_B053_982B95D9468A,1.0,Proposed,,,,,1.0,
EAID_4C0C5DDB_E5BA_42a0_BA5B_65E2D433B16C,,Data object,Arjen Brienen,,2019-10-22 09:39:56,28062023-11:06:06,Verzameling van punten,,nan,id-4c0c5ddb-e5ba-42a0-ba5b-65e2d433b16c,2022-12-12 16:28:30,Puntengroep,Puntengroep,EAPK_1738C6AD_81AA_423a_B053_982B95D9468A,1.0,Proposed,,,,,1.0,
EAID_435883D2_C399_4590_B4F5_B07111103484,,Data object,Arjen Brienen,,2019-05-16 16:20:58,28062023-11:06:06,Opnametechniek om bewegende beelden als een elektronisch signaal te registreren en weer te geven.,,nan,id-435883d2-c399-4590-b4f5-b07111103484,2022-12-12 16:28:30,VideoOpname,Video-opname,EAPK_1738C6AD_81AA_423a_B053_982B95D9468A,1.0,Proposed,,,,,1.0,
EAID_47012752_161F_4b30_BB79_4F4F04B9C734,,,,,,,,,,,,RSGB,RSGB,EAPK_6730FD25_4759_4575_9642_C5332AEC187E,,,,,,,,
EAID_1C092D44_571B_4903_BE7C_274931EB1A80,,,,,,,,,,,,RSGB,RSGB,EAPK_984ECE89_6D71_4c5a_B516_5C9C48BA57AA,,,,,,,,
EAID_AFB100D2_8C68_4488_8949_13E945D15920,,Business object,mante_h,https://www.gemmaonline.nl/index.php/Informatiemodel_Basis-_en_Kerngegevens_(RSGB),2010-08-19 09:41:46,28062023-11:06:06,"<font color=""#610e6a"">Een na overweging of beraadslaging vastgestelde beslissing voor een individueel of concreet geval.</font>",,nan,id-afb100d2-8c68-4488-8949-13e945d15920,2022-12-12 16:28:30,Besluit,BESLUIT,EAPK_2EDFFA95_0A05_4292_84C5_2A912A6B6718,,Proposed,,,,,1.0,
EAID_922D3938_A0EA_42bf_9EFC_23A6A236AF9B,,Data object,mante_h,https://www.gemmaonline.nl/index.php/Informatiemodel_Basis-_en_Kerngegevens_(RSGB),2010-08-19 10:01:32,28062023-11:06:06,"<font color=""#610e6a"">Generieke aanduiding van de aard van een besluit</font>",,nan,id-922d3938-a0ea-42bf-9efc-23a6a236af9b,2022-12-12 16:28:30,Besluittype,BESLUITTYPE,EAPK_2EDFFA95_0A05_4292_84C5_2A912A6B6718,,Proposed,,,,,1.0,
EAID_FC488929_8721_402f_A073_1DFDB76A816E,,Business object,crossover,,2018-04-23 11:51:28,28062023-11:06:06,,,nan,id-fc488929-8721-402f-a073-1dfdb76a816e,2022-12-12 16:28:30,Betaling,Betaling,EAPK_2EDFFA95_0A05_4292_84C5_2A912A6B6718,1.0,Proposed,,,,,1.0,
EAID_16FB8171_A9ED_4027_A663_C035509501C8,,Business object,mante_h,https://www.gemmaonline.nl/index.php/Informatiemodel_Basis-_en_Kerngegevens_(RSGB),2010-08-19 10:58:19,28062023-11:06:06,"<font color=""#610e6a"">Een SUBJECT, zijnde een NATUURLIJK PERSOON, NIET-NATUURLIJK PERSOON of VESTIGING, ORGANISATORISCHE EENHEID (binnen een vestiging van de zaak-behandelende niet-natuurlijk persoon), of MEDEWERKER (van die organisatorische eenheid) die een rol kan spelen bij een ZAAK.</font>",,nan,id-16fb8171-a9ed-4027-a663-c035509501c8,2022-12-12 16:28:30,Betrokkene,BETROKKENE,EAPK_2EDFFA95_0A05_4292_84C5_2A912A6B6718,,Proposed,,,,,1.0,
EAID_5641C50A_C0FA_4e71_B07B_26C7B1CE94ED,,Business object,mante_h,https://www.gemmaonline.nl/index.php/Informatiemodel_Basis-_en_Kerngegevens_(RSGB),2010-08-19 12:15:35,28062023-11:06:06,"<font color=""#610e6a"">Geheel van gegevens met een eigen identiteit ongeacht zijn vorm, met de bijbehorende metadata ontvangen of opgemaakt door een natuurlijke en/of rechtspersoon bij de uitvoering van taken, zijnde een ENKELVOUDIG DOCUMENT of een SAMENGESTELD DOCUMENT.</font>",,nan,id-5641c50a-c0fa-4e71-b07b-26c7b1ce94ed,2022-12-12 16:28:30,Document,DOCUMENT,EAPK_2EDFFA95_0A05_4292_84C5_2A912A6B6718,,Proposed,,,,,1.0,
EAID_77C7D6B6_44DE_44c0_A662_8E1A0A226EA8,,Data object,mante_h,,2010-08-19 11:30:39,28062023-11:06:06,"<font color=""#610e6a"">Aanduiding van de aard van een DOCUMENT zoals gehanteerd door de zaakbehandelende organisatie</font>",,nan,id-77c7d6b6-44de-44c0-a662-8e1a0a226ea8,2022-12-12 16:28:31,Documenttype,DOCUMENTTYPE,EAPK_2EDFFA95_0A05_4292_84C5_2A912A6B6718,,Proposed,,,,,1.0,
EAID_547FD48D_F885_4816_BCFA_4048995C8D83,,Data object,mante_h,,2010-08-19 11:32:47,28062023-11:06:06,"<font color=""#610e6a"">Een DOCUMENT waarvan aard, omvang en/of vorm aanleiding geven het als één geheel te behandelen en te beheren.</font>",,nan,id-547fd48d-f885-4816-bcfa-4048995c8d83,2022-12-12 16:28:31,EnkelvoudigDocument,ENKELVOUDIG DOCUMENT,EAPK_2EDFFA95_0A05_4292_84C5_2A912A6B6718,,Proposed,,,,,1.0,
EAID_B3371695_97AD_49d2_9AF1_15591B422007,,Business object,Arjen Brienen,,2019-04-17 13:44:30,28062023-11:06:06,,,nan,id-b3371695-97ad-49d2-9af1-15591b422007,2022-12-12 16:28:31,Heffing,Heffing,EAPK_2EDFFA95_0A05_4292_84C5_2A912A6B6718,1.0,Proposed,,,,,1.0,
EAID_D73AFAEC_3BF1_4309_93FE_5354EF26DA51,,Data object,Arjen Brienen,,2018-07-02 10:30:07,28062023-11:06:06,Nodig voor archivering om verschillende typen identificatie te kunnen onderscheiden:,,nan,id-d73afaec-3bf1-4309-93fe-5354ef26da51,2022-12-12 16:28:31,Identificatiekenmerk,Identificatiekenmerk,EAPK_2EDFFA95_0A05_4292_84C5_2A912A6B6718,1.0,Proposed,,,,,1.0,
EAID_A3DAD553_0E55_4256_824B_CDB5E12CB545,,Business object,crossover,,2018-04-25 14:49:05,28062023-11:06:06,"Klantcontacten zijn contactmomenten die werkelijk hebben plaatsgevonden, terwijl Balieafspraken afspraken zijn voor een klantcontact. Dit ongeacht of deze werkelijk heeft plaatsgevonden, soms liggen deze in de toekomst of is iemand niet op komen dagen, of iets anders waardoor het klantcontact nog niet heeft plaatsgevonden.

Hetzelfde geldt voor de telefoontjes, de klantcontacten komen uit levelOneData, dat zijn alle telefoontjes die werkelijk met een medewerker (of een gedelegeerde) hebben plaatsgevonden (soms zelfs meerdere binnen 1 telefoontje).
",,nan,id-a3dad553-0e55-4256-824b-cdb5e12cb545,2022-12-12 16:28:31,Klantcontact,Klantcontact,EAPK_2EDFFA95_0A05_4292_84C5_2A912A6B6718,1.0,Proposed,,,,,1.0,
EAID_16EB3936_03CB_4854_9CD8_9F0911EEA51B,,Business object,mante_h,https://www.gemmaonline.nl/index.php/Informatiemodel_Basis-_en_Kerngegevens_(RSGB),2010-08-19 11:35:05,28062023-11:06:06,"<font color=""#610e6a"">Een medewerker van de organisatie die zaken behandelt uit hoofde van zijn of haar functie binnen een ORGANISATORISCHE EENHEID.</font>",,nan,id-16eb3936-03cb-4854-9cd8-9f0911eea51b,2022-12-12 16:28:31,Medewerker,MEDEWERKER,EAPK_2EDFFA95_0A05_4292_84C5_2A912A6B6718,,Proposed,,,,,1.0,
EAID_91F9D39E_0322_42c6_AE7F_5027B36F3EC3,,Business object,mante_h,https://www.gemmaonline.nl/index.php/Informatiemodel_Basis-_en_Kerngegevens_(RSGB),2010-08-19 11:37:35,28062023-11:06:06,"<font color=""#610e6a"">Het OBJECT waarop een ZAAK betrekking kan hebben zijnde één of meer voorkomens van de in het RSGB en het RGBZ onderscheiden objecttypen.</font>",,nan,id-91f9d39e-0322-42c6-ae7f-5027b36f3ec3,2022-12-12 16:28:31,Object,OBJECT,EAPK_2EDFFA95_0A05_4292_84C5_2A912A6B6718,,Proposed,,,,,1.0,
EAID_B259BE5F_AC3A_4e0f_A149_D1F165277CC2,,Business object,abrienen,,2019-11-26 15:21:20,28062023-11:06:06,"Aanbod, aanbieding of voorstel van goederen of diensten waarin opgave is gedaan van de prijs. ",,nan,id-b259be5f-ac3a-4e0f-a149-d1f165277cc2,2022-12-12 16:28:31,Offerte,Offerte,EAPK_2EDFFA95_0A05_4292_84C5_2A912A6B6718,1.0,Proposed,,,,,1.0,
EAID_936A4E8B_3E5A_44b6_8A5D_EFB39F83FB6D,,Business object,mante_h,https://www.gemmaonline.nl/index.php/Informatiemodel_Basis-_en_Kerngegevens_(RSGB),2010-08-19 13:30:16,28062023-11:06:06,"<font color=""#610e6a"">Het deel van een functioneel afgebakend onderdeel binnen de organisatie dat haar activiteiten uitvoert binnen een VESTIGING VAN ZAAKBEHANDELENDE ORGANISATIE en die verantwoordelijk is voor de behandeling van zaken.</font>",,nan,id-936a4e8b-3e5a-44b6-8a5d-efb39f83fb6d,2022-12-12 16:28:31,OrganisatorischeEenheid,ORGANISATORISCHE EENHEID,EAPK_2EDFFA95_0A05_4292_84C5_2A912A6B6718,,Proposed,,,,,1.0,
EAID_47DA1FC8_F181_41bc_B16A_CE80D2CA13B1,,Data object,mante_h,,2010-08-19 13:42:59,28062023-11:06:06,"<font color=""#610e6a"">Een DOCUMENT waarbinnen twee of meer ENKELVOUDIGe DOCUMENTen onderscheiden worden die vanwege gezamenlijke vervaardiging en/of ontvangst en/of vanwege aard en/of omvang als één geheel beschouwd moeten worden dan wel behandeld worden.,</font>",,nan,id-47da1fc8-f181-41bc-b16a-ce80d2ca13b1,2022-12-12 16:28:31,SamengesteldDocument,SAMENGESTELD DOCUMENT,EAPK_2EDFFA95_0A05_4292_84C5_2A912A6B6718,,Proposed,,,,,1.0,
EAID_7C975D37_670B_405e_B825_924BCAFA74C7,,Business object,mante_h,https://www.gemmaonline.nl/index.php/Informatiemodel_Basis-_en_Kerngegevens_(RSGB),2010-08-19 13:44:49,28062023-11:06:06,"<font color=""#610e6a"">Een aanduiding van de stand van zaken van een zaak op basis van betekenisvol behaald resultaat voor de initiator van de zaak.</font>",,nan,id-7c975d37-670b-405e-b825-924bcafa74c7,2022-12-12 16:28:31,Status,STATUS,EAPK_2EDFFA95_0A05_4292_84C5_2A912A6B6718,,Proposed,,,,,1.0,
EAID_AA496B7B_913C_40fd_943E_52F1A6E89440,,Data object,mante_h,https://www.gemmaonline.nl/index.php/Informatiemodel_Basis-_en_Kerngegevens_(RSGB),2010-08-19 13:47:35,28062023-11:06:06,"<font color=""#610e6a"">Generieke aanduiding van de aard van een STATUS</font>",,nan,id-aa496b7b-913c-40fd-943e-52f1a6e89440,2022-12-12 16:28:31,Statustype,STATUSTYPE,EAPK_2EDFFA95_0A05_4292_84C5_2A912A6B6718,,Proposed,,,,,1.0,
EAID_D8142B98_64CB_408e_9941_92423543F08A,,Business object,mante_h,https://www.gemmaonline.nl/index.php/Informatiemodel_Basis-_en_Kerngegevens_(RSGB),2010-08-19 11:03:44,28062023-11:06:06,"<font color=""#610e6a"">Een VESTIGING van een onderneming of rechtspersoon zijnde de zaakbehandelende organisatie.</font>",,nan,id-d8142b98-64cb-408e-9941-92423543f08a,2022-12-12 16:28:31,VestigingVanZaakbehandelendeOrganisatie,VESTIGING VAN ZAAKBEHANDELENDE ORGANISATIE,EAPK_2EDFFA95_0A05_4292_84C5_2A912A6B6718,,Proposed,,,,,1.0,
EAID_649EFD86_ED52_4293_8577_DBE5445845BF,,Business object,mante_h,https://www.gemmaonline.nl/index.php/Informatiemodel_Basis-_en_Kerngegevens_(RSGB),2010-08-19 13:48:52,28062023-11:06:06,"<font color=""#610e6a"">Een samenhangende hoeveelheid werk met een welgedefinieerde aanleiding en een welgedefinieerd eindresultaat, waarvan kwaliteit en doorlooptijd bewaakt moeten worden.</font>",,nan,id-649efd86-ed52-4293-8577-dbe5445845bf,2022-12-12 16:28:31,Zaak,ZAAK,EAPK_2EDFFA95_0A05_4292_84C5_2A912A6B6718,,Proposed,,,,,1.0,
EAID_766265DF_56DD_4560_A55C_FF82E3B9751A,,Business object,mante_h,,2018-05-28 13:18:59,28062023-11:06:06,"<font color=""#610e6a"">Een samenhangende hoeveelheid werk met een welgedefinieerde aanleiding en een welgedefinieerd eindresultaat, waarvan kwaliteit en doorlooptijd bewaakt moeten worden.</font>",,nan,id-766265df-56dd-4560-a55c-ff82e3b9751a,2022-12-12 16:28:31,ZaakOrigineel,ZAAK - Origineel,EAPK_2EDFFA95_0A05_4292_84C5_2A912A6B6718,,Proposed,,,,,1.0,
EAID_7210A379_17EE_4143_A106_ECD9414B2A0D,,Data object,mante_h,https://www.gemmaonline.nl/index.php/Informatiemodel_Basis-_en_Kerngegevens_(RSGB),2010-08-19 13:54:55,28062023-11:06:06,"<font color=""#610e6a"">Generieke aanduiding van de aard van een zaak</font>",,nan,id-7210a379-17ee-4143-a106-ecd9414b2a0d,2022-12-12 16:28:32,Zaaktype,ZAAKTYPE,EAPK_2EDFFA95_0A05_4292_84C5_2A912A6B6718,,Proposed,,,,,1.0,
EAID_6F75D9F8_50B8_4d89_9798_26B7FD9A6DA2,,Data object,mante_h,,2010-08-23 10:24:50,28062023-11:06:06,"<font color=""#610e6a"">De gegevens van het adres in het buitenland waarop BETROKKENE in zijn/haar ROL in de ZAAK in de regel schriftelijk bereikbaar is indien dat afwijkt van het reguliere buitenlandse correspondentieadres van BETROKKENE</font>",,nan,id-6f75d9f8-50b8-4d89-9798-26b7fd9a6da2,2022-12-12 16:28:32,AfwijkendBuitenlandsCorrespondentieadresRol,Afwijkend buitenlands correspondentieadres ROL,EAPK_8C03F493_3B41_4f2b_9E64_2F62244C19B0,1.0,Proposed,,,,,1.0,
EAID_8F133649_AE11_491c_998B_6288B7FC8FE4,,Data object,mante_h,,2010-08-20 04:08:34,28062023-11:06:06,"<font color=""#610e6a"">De gegevens die tezamen een postbusadres of antwoordnummeradres vormen waarvan BETROKKENE, geen ORGANISATORISCHE EENHEID en MEDEWERKER ziinde, heeft aangegeven schriftelijk bereikbaar te zijn in verband met zijn/haar ROL in de ZAAK en dat afwijkt van de reguliere correspondentiegegevens van BETROKKENE.</font>",,nan,id-8f133649-ae11-491c-998b-6288b7fc8fe4,2022-12-12 16:28:32,AfwijkendCorrespondentiePostadresRol,Afwijkend correspondentie postadres ROL,EAPK_8C03F493_3B41_4f2b_9E64_2F62244C19B0,1.0,Proposed,,,,,1.0,
EAID_ABF8E616_8600_49e8_BD38_52F7C9FB70CA,,Data object,mante_h,,2010-08-24 15:53:55,28062023-11:06:06,"<font color=""#610e6a"">Aanduiding van het object (of de objecten) waarop de ZAAK betrekking heeft indien dat object (of die objecten) niet aangeduid kan worden met de relatie &lsquo;heeft betrekking op ZAAKOBJECT&rsquo;.</font>",,nan,id-abf8e616-8600-49e8-bd38-52f7c9fb70ca,2022-12-12 16:28:32,AnderZaakobjectZaak,Ander zaakobject ZAAK,EAPK_8C03F493_3B41_4f2b_9E64_2F62244C19B0,1.0,Proposed,,,,,1.0,
EAID_22A29BB4_15B8_43bb_ACF5_2EAF09ABFFFB,,Data object,mante_h,,2010-10-19 16:48:16,28062023-11:06:06,"<font color=""#610e6a"">De gegevens van de persoon die anderen desgevraagd in contact brengt met medewerkers van de BETROKKENE, een NIET-NATUURLIJK PERSOON of VESTIGING zijnde, of met BETROKKENE zelf, een NATUURLIJK PERSOON zijnde, vanuit het belang van BETROKKENE in haar ROL bij een ZAAK,.</font>",,nan,id-22a29bb4-15b8-43bb-acf5-2eaf09abfffb,2022-12-12 16:28:32,ContactpersoonRol,Contactpersoon ROL,EAPK_8C03F493_3B41_4f2b_9E64_2F62244C19B0,1.0,Proposed,,,,,1.0,
EAID_9E261D63_5143_4aa8_A1DA_554AB3D27025,,Data object,mante_h,,2010-08-23 11:32:53,28062023-11:06:06,"<font color=""#610e6a"">Identificatie-gegevens over de zaak in andere administraties</font>",,nan,id-9e261d63-5143-4aa8-a1da-554ab3d27025,2022-12-12 16:28:32,KenmerkenZaak,Kenmerken ZAAK,EAPK_8C03F493_3B41_4f2b_9E64_2F62244C19B0,1.0,Proposed,,,,,1.0,
EAID_8EF0E043_5575_42fe_B2E7_81D8F12ADC77,,Data object,mante_h,,2010-08-24 15:36:26,28062023-11:06:06,"<font color=""#610e6a"">Gegevens omtrent het tijdelijk opschorten van de behandeling van de ZAAK</font>",,nan,id-8ef0e043-5575-42fe-b2e7-81d8f12adc77,2022-12-12 16:28:32,OpschortingZaak,Opschorting ZAAK,EAPK_8C03F493_3B41_4f2b_9E64_2F62244C19B0,1.0,Proposed,,,,,1.0,
EAID_7014565C_F8AF_459a_A2FD_30E8D7F9F0CC,,Data object,mante_h,,2010-08-24 15:47:01,28062023-11:06:06,"<font color=""#610e6a"">Gegevens omtrent het verlengen van de doorlooptijd van de behandeling van de ZAAK</font>",,nan,id-7014565c-f8af-459a-a2fd-30e8d7f9f0cc,2022-12-12 16:28:32,VerlengingZaak,Verlenging ZAAK,EAPK_8C03F493_3B41_4f2b_9E64_2F62244C19B0,1.0,Proposed,,,,,1.0,
EAID_C8CE34A2_362A_4c99_A934_C66A2E6A0793,,Data object,Debat_E,,2011-02-08 15:04:00,28062023-11:06:06,,,nan,id-c8ce34a2-362a-4c99-a934-c66a2e6a0793,2022-12-12 16:28:32,Brondocumenten,Brondocumenten,EAPK_BB99418E_DCA8_493d_99A2_67E5EB095ED0,1.0,Proposed,,,,,1.0,
EAID_BB4E5922_F0E8_40bb_8BB6_9B0DC648DD85,,Data object,Debat_E,,2011-02-08 14:57:38,28062023-11:06:06,,,nan,id-bb4e5922-f0e8-40bb-8bb6-9b0dc648dd85,2022-12-12 16:28:32,FormeleHistorie,Formele historie,EAPK_BB99418E_DCA8_493d_99A2_67E5EB095ED0,1.0,Proposed,,,,,1.0,
EAID_E4DA500D_AB53_4e8a_B1A5_411F354F4AD2,,Data object,Debat_E,,2011-02-08 14:41:15,28062023-11:06:06,,,nan,id-e4da500d-ab53-4e8a-b1a5-411f354f4ad2,2022-12-12 16:28:32,InOnderzoek,In onderzoek,EAPK_BB99418E_DCA8_493d_99A2_67E5EB095ED0,1.0,Proposed,,,,,1.0,
EAID_3D63DBCE_3FD5_4988_81D5_93A2D01A9D99,,Data object,Debat_E,,2011-02-08 14:50:17,28062023-11:06:06,,,nan,id-3d63dbce-3fd5-4988-81d5-93a2d01a9d99,2022-12-12 16:28:32,MaterieleHistorie,Materiële historie,EAPK_BB99418E_DCA8_493d_99A2_67E5EB095ED0,1.0,Proposed,,,,,1.0,
EAID_85741CBC_594C_43f9_A2B5_C50166F1A461,,Data object,Debat_E,,2011-02-08 14:45:29,28062023-11:06:06,,,nan,id-85741cbc-594c-43f9-a2b5-c50166f1a461,2022-12-12 16:28:32,StrijdigheidOfNietigheid,Strijdigheid / nietigheid,EAPK_BB99418E_DCA8_493d_99A2_67E5EB095ED0,1.0,Proposed,,,,,1.0,
EAID_91CCBFAB_A25F_4758_9C19_ACE5E0327CE0,,,,,,,,,,,,OverigeGeoObjecten,Overige geo objecten,EAPK_713A92CA_C689_49fb_B1B8_787EBF16FA08,,,,,,,,
EAID_755B80B2_6522_4c58_A998_D3F00859FE78,,Data object,aashkpour,,2022-03-23 15:03:34,28062023-11:06:06,,,nan,id-755b80b2-6522-4c58-a998-d3f00859fe78,2022-12-12 16:28:32,Aantekening,Aantekening,EAPK_2833C85B_BA94_4b59_80C0_2F665B589FBF,1.0,Proposed,,,,,1.0,
EAID_3E5B2877_D6CC_487e_BD79_042E32D17550,,Data object,aashkpour,,2022-03-23 15:17:23,28062023-11:06:06,"Toevoeging uit stelselcatalogus

",,nan,id-3e5b2877-d6cc-487e-bd79-042e32d17550,2022-12-12 16:28:32,AdresBuitenland,Adres Buitenland,EAPK_2833C85B_BA94_4b59_80C0_2F665B589FBF,1.0,Proposed,,,,,1.0,
EAID_3015DCE3_7C05_4160_A717_533553258C15,,Data object,abrienen,,2022-03-23 15:46:29,28062023-11:06:06,,,nan,id-3015dce3-7c05-4160-a717-533553258c15,2022-12-12 16:28:32,Briefadres,Briefadres,EAPK_2833C85B_BA94_4b59_80C0_2F665B589FBF,1.0,Proposed,,,,,1.0,
EAID_75E93FC5_3EF8_40b6_B170_ED5A2C36B354,,Business object,aashkpour,,2020-09-09 16:43:33,28062023-11:06:06,,,nan,id-75e93fc5-3ef8-40b6-b170-ed5a2c36b354,2022-12-12 16:28:33,OnbestemdAdres,Onbestemd Adres,EAPK_2833C85B_BA94_4b59_80C0_2F665B589FBF,1.0,Proposed,,,,,1.0,
EAID_A97054D8_FDCF_4513_B34F_E3DC343FA5E5,,Data object,crossover,,2018-04-19 10:49:21,28062023-11:06:06,,,nan,id-a97054d8-fdcf-4513-b34f-e3dc343fa5e5,2022-12-12 16:28:33,PersoonAlleenNaam,PersoonAlleenNaam,EAPK_2833C85B_BA94_4b59_80C0_2F665B589FBF,1.0,Proposed,,,,,1.0,
EAID_9AEA61EB_86B2_49cc_B3EB_F40C9235B68C,,Data object,crossover,,2018-04-19 10:48:20,28062023-11:06:06,,,nan,id-9aea61eb-86b2-49cc-b3eb-f40c9235b68c,2022-12-12 16:28:33,PersoonBSN,PersoonBSN,EAPK_2833C85B_BA94_4b59_80C0_2F665B589FBF,1.0,Proposed,,,,,1.0,
EAID_BE5C1D36_73FD_4419_82C8_0CDCB66D93F5,,Data object,crossover,,2018-05-04 14:09:37,28062023-11:06:06,,,nan,id-be5c1d36-73fd-4419-82c8-0cdcb66d93f5,2022-12-12 16:28:33,PesoonBSNEnNAW,PersoonBSNenNaw,EAPK_2833C85B_BA94_4b59_80C0_2F665B589FBF,1.0,Proposed,,,,,1.0,
EAID_44F0CC4A_59AF_44a8_AF0B_FF204C93E829,,Data object,crossover,,2018-04-19 10:48:47,28062023-11:06:06,,,nan,id-44f0cc4a-59af-44a8-af0b-ff204c93e829,2022-12-12 16:28:33,PersoonNAW,PersoonNAW,EAPK_2833C85B_BA94_4b59_80C0_2F665B589FBF,1.0,Proposed,,,,,1.0,
EAID_31A87864_6CE0_4e93_A493_ECD0FBDD4461,,Business object,mante_h,Door KING toegevoegd objecttype (maakt geen deel uit van enige basisregistratie).,2010-07-05 13:31:04,28062023-11:06:06,"Een door het bevoegde gemeentelijke orgaan als zodanig toegekende aanduiding van een VERBLIJFSOBJECT, een STANDPLAATS of een LIGPLAATS.",,nan,id-31a87864-6ce0-4e93-a493-ecd0fbdd4461,2022-12-12 16:28:33,Nummeraanduiding,NUMMERAANDUIDING,EAPK_2833C85B_BA94_4b59_80C0_2F665B589FBF,1.0,Proposed,,,,,1.0,
EAID_869E0A04_A663_4839_970D_7FB82DF6C317,,Business object,mante_h,BRK,2010-07-05 15:13:48,28062023-11:06:06,"Een KADASTRALE ONROERENDE ZAAK dat een aandeel is in de 
goederen die in de splitsing zijn betrokken, dat de bevoegdheid omvat tot het uitsluitend gebruik van bepaalde gedeelten van het gebouw die blijkens hun inrichting bestemd zijn of worden om als afzonderlijk geheel te worden 
gebruikt (art. 5:106 lid 4 BW).",,nan,id-869e0a04-a663-4839-970d-7fb82df6c317,2022-12-12 16:28:33,Appartementsrecht,APPARTEMENTSRECHT,EAPK_2833C85B_BA94_4b59_80C0_2F665B589FBF,1.0,Proposed,,,,,1.0,
EAID_C1542AC8_2F3C_4e62_ADFA_A9FB3358DAB1,,Business object,debat_e,BRK,2013-10-14 14:33:29,28062023-11:06:06,Het recht op een stuk grond of op een gebouw met toebehoren op de daarbij behorende grond met toebehoren is gesplitst in appartementsrechten.,,nan,id-c1542ac8-2f3c-4e62-adfa-a9fb3358dab1,2022-12-12 16:28:33,Appartementsrechtsplitsing,APPARTEMENTSRECHTSPLITSING,EAPK_2833C85B_BA94_4b59_80C0_2F665B589FBF,1.0,Proposed,,,,,1.0,
EAID_D872C213_09D7_4dca_A020_EA363480FC7D,,Business object,Ellen Debats,BGT,2010-07-06 13:50:53,28062023-11:06:06,"Kleinste functioneel onafhankelijk stukje van een terrein dat er binnen het objecttype Terrein van NEN 3610 wordt onderscheiden, met aaneengesloten homogene vegetatie.",,nan,id-d872c213-09d7-4dca-a020-ea363480fc7d,2022-12-12 16:28:33,BegroeidTerreindeel,BEGROEID TERREINDEEL,EAPK_2833C85B_BA94_4b59_80C0_2F665B589FBF,1.0,Proposed,,,,,1.0,
EAID_3E9E08B7_574E_43dc_8D93_251BFA8F8D75,,Business object,mante_h,KING,2010-07-04 23:09:31,28062023-11:06:06,Een GEBOUWD OBJECT of een BENOEMD TERREIN,,nan,id-3e9e08b7-574e-43dc-8d93-251bfa8f8d75,2022-12-12 16:28:33,BenoemdObject,BENOEMD OBJECT,EAPK_2833C85B_BA94_4b59_80C0_2F665B589FBF,1.0,Proposed,,,,,1.0,
EAID_73F1C4A1_481E_4052_A372_1A0895ED1295,,Business object,mante_h,Door KING toegevoegd objecttype (maakt geen deel uit van enige basisregistratie).,2010-07-04 23:25:38,28062023-11:06:06,"Een STANDPLAATS, LIGPLAATS, of een OVERIG BENOEMD TERREIN.",,nan,id-73f1c4a1-481e-4052-a372-1a0895ed1295,2022-12-12 16:28:33,BenoemdTerrein,BENOEMD TERREIN,EAPK_2833C85B_BA94_4b59_80C0_2F665B589FBF,1.0,Proposed,,,,,1.0,
EAID_67CC2144_6B88_433c_853D_07379C66D6CF,,Business object,mante_h,GFO BG,2010-07-05 14:39:50,28062023-11:06:06,"Een aaneengesloten gedeelte van een wijk, waarvan de grenzen zo veel mogelijk gebaseerd zijn op topografische elementen.",,nan,id-67cc2144-6b88-433c-853d-07379c66d6cf,2022-12-12 16:28:33,Buurt,BUURT,EAPK_2833C85B_BA94_4b59_80C0_2F665B589FBF,1.0,Proposed,,,,,1.0,
EAID_5835F691_4452_44de_A1E9_07088AC16D69,,Data object,Arjen Brienen,GFO BG,2019-12-18 14:57:13,28062023-11:06:06,"Een aaneengesloten gedeelte van een wijk, waarvan de grenzen zo veel mogelijk gebaseerd zijn op topografische elementen.",,nan,id-5835f691-4452-44de-a1e9-07088ac16d69,2022-12-12 16:28:33,Gebied,Gebied,EAPK_2833C85B_BA94_4b59_80C0_2F665B589FBF,1.0,Proposed,,,,,1.0,
EAID_B8F44180_1F2A_4bbc_8E17_6C472111A92B,,Business object,Ellen Debats,IMGeo,2011-12-15 12:04:13,28062023-11:06:06,Begrensd en benoemd gebied dat door een functionele eenheid beschreven wordt.,,nan,id-b8f44180-1f2a-4bbc-8e17-6c472111a92b,2022-12-12 16:28:33,FunctioneelGebied,FUNCTIONEEL GEBIED,EAPK_2833C85B_BA94_4b59_80C0_2F665B589FBF,1.0,Proposed,,,,,1.0,
EAID_752621CC_D5CA_4f4c_A937_AF6C84E6ADED,,Business object,mante_h,Door KING toegevoegd objecttype (maakt geen deel uit van enige basisregistratie).,2010-07-05 00:32:55,28062023-11:06:06,Een VERBLIJFSOBJECT of een OVERIG GEBOUWD OBJECT,,nan,id-752621cc-d5ca-4f4c-a937-af6c84e6aded,2022-12-12 16:28:33,GebouwdObject,GEBOUWD OBJECT,EAPK_2833C85B_BA94_4b59_80C0_2F665B589FBF,1.0,Proposed,,,,,1.0,
EAID_6FDC646C_F9E2_4610_8FFE_1ECFA99FFBD7,,Business object,debat_e,IMGeo,2011-09-05 08:47:51,28062023-11:06:06,"Een component aan de buitenzijde van een gebouw, die het aanzicht van het gebouw mede bepaalt.",,nan,id-6fdc646c-f9e2-4610-8ffe-1ecfa99ffbd7,2022-12-12 16:28:33,Gebouwinstallatie,GEBOUWINSTALLATIE,EAPK_2833C85B_BA94_4b59_80C0_2F665B589FBF,1.0,Proposed,,,,,1.0,
EAID_B0D9792B_46E7_4b88_B267_C72691616733,,Business object,mante_h,"Door KING toegevoegd objecttype, ontleend aan het GFO BG (maakt geen deel uit van enige basisregistratie).",2010-07-05 14:31:43,28062023-11:06:06,"Een gedeelte van het grondgebied van Nederland, ingesteld op basis van artikel 123 van de Grondwet.",,nan,id-b0d9792b-46e7-4b88-b267-c72691616733,2022-12-12 16:28:33,Gemeente,GEMEENTE,EAPK_2833C85B_BA94_4b59_80C0_2F665B589FBF,1.0,Proposed,,,,,1.0,
EAID_6FB0A5B7_7B5F_437f_A462_4B1EADB964E4,,Business object,mante_h,https://www.gemmaonline.nl/index.php/Informatiemodel_Basis-_en_Kerngegevens_(RSGB),2018-03-21 15:46:54,28062023-11:06:06,"Een duurzame samenlevingsvorm van een of meer natuurlijke personen binnen een VERBLIJFSOBJECT, STANDPLAATS of LIGPLAATS.",,nan,id-6fb0a5b7-7b5f-437f-a462-4b1eadb964e4,2022-12-12 16:28:33,Huishouden,HUISHOUDEN,EAPK_2833C85B_BA94_4b59_80C0_2F665B589FBF,1.0,Proposed,,,,,1.0,
EAID_4DA0EB59_963C_4558_B763_44F542BC8D89,,Business object,Ellen Debats,IMGeo,2012-05-15 08:29:10,28062023-11:06:06,"Ruimtelijk object al dan niet ter detaillering dan wel ter inrichting van de
overige benoemde ruimtelijke objecten of een ander inrichtingselement.",,nan,id-4da0eb59-963c-4558-b763-44f542bc8d89,2022-12-12 16:28:33,Inrichtingselement,INRICHTINGSELEMENT,EAPK_2833C85B_BA94_4b59_80C0_2F665B589FBF,1.0,Proposed,,,,,1.0,
EAID_172AFD36_B400_4660_BFAC_4BBC1077D666,,Business object,mante_h,BRK.,2010-07-05 15:08:37,28062023-11:06:06,"Een KADASTRALE ONROERENDE ZAAK dat een kadastraal geïdentificeerd en met kadastrale grenzen begrensd deel van het Nederlands grondgebied betreft (art. 1 lid 1 Kadasterwet). 
",,nan,id-172afd36-b400-4660-bfac-4bbc1077d666,2022-12-12 16:28:33,KadastraalPerceel,KADASTRAAL PERCEEL,EAPK_2833C85B_BA94_4b59_80C0_2F665B589FBF,1.0,Proposed,,,,,1.0,
EAID_9775E778_DBF8_4122_94CE_551466B62F46,,Business object,mante_h,BRK,2010-07-05 15:03:38,28062023-11:06:06,Een geregistreerd goed waarvoor bij overdracht of vestiging van rechten inschrijving in de openbare registers van het Kadaster is vereist zijnde een KADASTRAAL PERCEEL of een APPARTEMENTSRECHT.,,nan,id-9775e778-dbf8-4122-94ce-551466b62f46,2022-12-12 16:28:33,KadastraleOnroerendeZaak,KADASTRALE ONROERENDE ZAAK,EAPK_2833C85B_BA94_4b59_80C0_2F665B589FBF,1.0,Proposed,,,,,1.0,
EAID_AF9534B0_7CBD_4061_9276_A7B6698B383A,,Business object,mante_h,https://www.gemmaonline.nl/index.php/Informatiemodel_Basis-_en_Kerngegevens_(RSGB),2010-07-05 15:40:20,28062023-11:06:06,Een INGEZETENE of NIET-INGEZETENE,,nan,id-af9534b0-7cbd-4061-9276-a7b6698b383a,2022-12-12 16:28:34,IngeschrevenPersoon,INGESCHREVEN PERSOON,EAPK_2833C85B_BA94_4b59_80C0_2F665B589FBF,1.0,Proposed,,,,,1.0,
EAID_0BC18F79_3560_4e43_8154_7CCDC7D67A03,,Business object,mante_h,BRK,2010-07-06 10:26:17,28062023-11:06:06,"Aanduiding van het feit, genoemd in een Stuk, dat betrekking heeft op een onroerende zaak en dat gevolgen kan hebben voor de uitoefening van rechten op de onroerende zaak.",,nan,id-0bc18f79-3560-4e43-8154-7ccdc7d67a03,2022-12-12 16:28:34,KadastraleOnroerendeZaakAantekening,KADASTRALE ONROERENDE ZAAK AANTEKENING,EAPK_2833C85B_BA94_4b59_80C0_2F665B589FBF,1.0,Proposed,,,,,1.0,
EAID_CA19D17F_3EB7_459d_9883_16F0C0B5D35E,,Business object,mante_h,https://www.gemmaonline.nl/index.php/Informatiemodel_Zaken_(RGBZ),2010-07-05 15:45:44,28062023-11:06:06,"Een individueel menselijk wezen, ingeschreven in het Nederlands Bevolkingsregister.",,nan,id-ca19d17f-3eb7-459d-9883-16f0c0b5d35e,2022-12-12 16:28:34,Ingezetene,INGEZETENE,EAPK_2833C85B_BA94_4b59_80C0_2F665B589FBF,1.0,Proposed,,,,,1.0,
EAID_2EC96974_F21E_4bdb_AF4D_30D7091F5645,,Business object,mante_h,BGT,2010-07-06 13:21:25,28062023-11:06:06,"Onderdeel van een civiel-technisch werk voor de infrastructuur van wegen, water, spoorbanen, waterkeringen en/of leidingen.",,nan,id-2ec96974-f21e-4bdb-af4d-30d7091f5645,2022-12-12 16:28:34,Kunstwerkdeel,KUNSTWERKDEEL,EAPK_2833C85B_BA94_4b59_80C0_2F665B589FBF,1.0,Proposed,,,,,1.0,
EAID_F4978264_32A5_4e70_97A8_D142B64400A8,,Business object,mante_h,BAG,2010-07-05 00:21:01,28062023-11:06:06,"Een door het bevoegde gemeentelijke orgaan als zodanig aangewezen plaats in het water al dan niet aangevuld met een op de oever aanwezig terrein of een gedeelte daarvan, die bestemd is voor het permanent afmeren van een voor woon-, bedrijfsmatige of recreatieve doeleinden geschikt vaartuig.",,nan,id-f4978264-32a5-4e70-97a8-d142b64400a8,2022-12-12 16:28:34,Ligplaats,LIGPLAATS,EAPK_2833C85B_BA94_4b59_80C0_2F665B589FBF,1.0,Proposed,,,,,1.0,
EAID_3DC85114_5C3F_4930_B98B_6EB6ED71FC2E,,Business object,mante_h,NHR,2010-07-06 11:43:52,28062023-11:06:06,"Een verband tussen één of meer personen met voldoende mate van zelfstandigheid, inbreng van arbeid of middelen, winstoogmerk en extern optreden (i.g.v. een onderneming) dan wel een in een organisatorisch verband, dat toebehoort aan een niet-natuurlijk persoon welke registratieplichtig is, uitgeoefende activiteit die niet valt onder de criteria voor onderneming of bedrijfsmatigheid welke adresseerbaar is middels ofwel een vestiging ofwel het adres van een bepaalde vertegenwoordiger (i.g.v. een niet-ondernemings-activiteit).",,nan,id-3dc85114-5c3f-4930-b98b-6eb6ed71fc2e,2022-12-12 16:28:34,MaatschappelijkeActiviteit,MAATSCHAPPELIJKE ACTIVITEIT,EAPK_2833C85B_BA94_4b59_80C0_2F665B589FBF,1.0,Proposed,,,,,1.0,
EAID_BA35A5E2_5A1D_4328_91CD_D51694ED5FBA,,Business object,mante_h,BAG,2010-07-06 13:40:09,28062023-11:06:06,"Een door het bevoegde gemeentelijke orgaan als zodanig toegekende aanduiding van een VERBLIJFSOBJECT, een STANDPLAATS of een LIGPLAATS.",,nan,id-ba35a5e2-5a1d-4328-91cd-d51694ed5fba,2022-12-12 16:28:34,AdresseerbaarObjectAanduiding,ADRESSEERBAAR OBJECT AANDUIDING,EAPK_2833C85B_BA94_4b59_80C0_2F665B589FBF,1.0,Proposed,,,,,1.0,
EAID_C32F1546_F793_4f13_91A4_2047E6DE6E91,,Business object,mante_h,BGT,2011-08-30 15:04:02,28062023-11:06:06,"Kleinste functioneel onafhankelijk stukje van een terrein, dat er binnen het objecttype Terrein van NEN 3610 wordt onderscheiden, zonder aaneengesloten vegetatie.",,nan,id-c32f1546-f793-4f13-91a4-2047e6de6e91,2022-12-12 16:28:34,OnbegroeidTerreindeel,ONBEGROEID TERREINDEEL,EAPK_2833C85B_BA94_4b59_80C0_2F665B589FBF,1.0,Proposed,,,,,1.0,
EAID_7B92809F_CFAE_4be8_BE3A_4E4B94E83F52,,Business object,Debat_E,BGT,2012-02-23 11:34:38,28062023-11:06:06,Object dat in het kader van de waterhuishouding periodiek gedeeltelijk of geheel met water is bedekt.,,nan,id-7b92809f-cfae-4be8-be3a-4e4b94e83f52,2022-12-12 16:28:34,OndersteunendWaterdeel,ONDERSTEUNEND WATERDEEL,EAPK_2833C85B_BA94_4b59_80C0_2F665B589FBF,1.0,Proposed,,,,,1.0,
EAID_F55A5977_7E3B_4cf4_B8D1_CFCEECA0DEA1,,Business object,mante_h,BGT,2011-09-01 09:13:19,28062023-11:06:06,Een deel van de weg dat niet primair bedoeld is voor gebruik door het verkeer.,,nan,id-f55a5977-7e3b-4cf4-b8d1-cfceeca0dea1,2022-12-12 16:28:34,OndersteunendWegdeel,ONDERSTEUNEND WEGDEEL,EAPK_2833C85B_BA94_4b59_80C0_2F665B589FBF,1.0,Proposed,,,,,1.0,
EAID_FB13857C_C695_4b53_8060_BACFA0E16950,,Business object,mante_h,BAG,2010-07-05 14:05:00,28062023-11:06:06,Een door het bevoegde gemeentelijke orgaan als zodanig aangewezen en van een naam voorziene buitenruimte die binnen één woonplaats is gelegen,,nan,id-fb13857c-c695-4b53-8060-bacfa0e16950,2022-12-12 16:28:34,OpenbareRuimte,OPENBARE RUIMTE,EAPK_2833C85B_BA94_4b59_80C0_2F665B589FBF,1.0,Proposed,,,,,1.0,
EAID_2E45A5F3_A685_48c5_98D4_794BE382891E,,Business object,Debat_E,BGT,2012-02-23 13:02:34,28062023-11:06:06,"Onderdeel van een beweegbare of vaste verbinding tussen twee punten, die door water, een weg of anderszins gescheiden zijn, dat essentieel is voor de constructie.",,nan,id-2e45a5f3-a685-48c5-98d4-794be382891e,2022-12-12 16:28:35,Overbruggingsdeel,OVERBRUGGINGSDEEL,EAPK_2833C85B_BA94_4b59_80C0_2F665B589FBF,1.0,Proposed,,,,,1.0,
EAID_CFA3D54E_C8E0_4559_9475_29D31AF2DECD,,Business object,mante_h,Door KING toegevoegd objecttype (maakt geen deel uit van enige basisregistratie).,2010-07-05 00:26:43,28062023-11:06:06,"Een door het bevoegde gemeentelijke orgaan als zodanig aangewezen onbebouwd terrein of een gedeelte daarvan, geen standplaats of gedeelte van een ligplaats zijnde, dat bestemd is voor het gedurende langere tijd verrichten van een maatschappelijke activiteit.",,nan,id-cfa3d54e-c8e0-4559-9475-29d31af2decd,2022-12-12 16:28:35,OverigBenoemdTerrein,OVERIG BENOEMD TERREIN,EAPK_2833C85B_BA94_4b59_80C0_2F665B589FBF,1.0,Proposed,,,,,1.0,
EAID_9F4E12E4_B228_4931_AC83_1B1F60958A89,,Business object,mante_h,https://www.gemmaonline.nl/index.php/Informatiemodel_Basis-_en_Kerngegevens_(RSGB),2010-07-05 15:31:55,28062023-11:06:06,Een INGESCHREVEN PERSOON of ANDER NATUURLIJK PERSOON,,nan,id-9f4e12e4-b228-4931-ac83-1b1f60958a89,2022-12-12 16:28:35,NatuurlijkPersoon,NATUURLIJK PERSOON,EAPK_2833C85B_BA94_4b59_80C0_2F665B589FBF,1.0,Proposed,,,,,1.0,
EAID_1DA7BC25_CF02_4161_B9A2_DE0BE27C5254,,Business object,Ellen Debats,BGT,2013-08-13 15:08:48,28062023-11:06:06,"Met de aarde verbonden duurzaam bouwwerk, dat niet valt onder de definities van een pand of kunstwerk. ",,nan,id-1da7bc25-cf02-4161-b9a2-de0be27c5254,2022-12-12 16:28:35,OverigBouwwerk,OVERIG BOUWWERK,EAPK_2833C85B_BA94_4b59_80C0_2F665B589FBF,1.0,Proposed,,,,,1.0,
EAID_7CDF37D9_26D7_46a5_9CF3_392601BDCECA,,Business object,mante_h,KING,2010-07-05 00:41:41,28062023-11:06:06,"De kleinste eenheid van gebruik, geen verblijfsobject zijnde, binnen een bij de totstandkoming functioneel en bouwkundig constructief zelfstandige eenheid die direct en duurzaam met de aarde is verbonden.",,nan,id-7cdf37d9-26d7-46a5-9cf3-392601bdceca,2022-12-12 16:28:35,OverigGebouwdObject,OVERIG GEBOUWD OBJECT,EAPK_2833C85B_BA94_4b59_80C0_2F665B589FBF,1.0,Proposed,,,,,1.0,
EAID_3D5CCB29_91E4_458e_8BCD_6741198E45B8,,Business object,mante_h,https://www.gemmaonline.nl/index.php/Informatiemodel_Basis-_en_Kerngegevens_(RSGB),2010-07-05 15:34:36,28062023-11:06:06,Een INGESCHREVEN NIET-NATUURLIJK PERSOON of een ANDER BUITENLANDS NIET-NATUURLIJK PERSOON,,nan,id-3d5ccb29-91e4-458e-8bcd-6741198e45b8,2022-12-12 16:28:35,NietNatuurlijkPersoon,NIET NATUURLIJK PERSOON,EAPK_2833C85B_BA94_4b59_80C0_2F665B589FBF,1.0,Proposed,,,,,1.0,
EAID_7B33EB93_BAD8_4b36_90A1_B3909415EDC3,,Business object,mante_h,Door KING toegevoegd objecttype (maakt geen deel uit van enige basisregistratie).,2010-07-05 13:45:34,28062023-11:06:06,Een door de gemeenteraad als zodanig toegekende aanduiding van een overig gebouwd object of een overig benoemd terrein.,,nan,id-7b33eb93-bad8-4b36-90a1-b3909415edc3,2022-12-12 16:28:35,OverigeAdresseerbaarObjectAanduiding,OVERIGE ADRESSEERBAAR OBJECT AANDUIDING,EAPK_2833C85B_BA94_4b59_80C0_2F665B589FBF,1.0,Proposed,,,,,1.0,
EAID_EC57B722_D4B4_42d2_AF3C_31E085C63EBB,,Business object,debat_e,IMGeo,2011-09-01 08:41:26,28062023-11:06:06,"Kunstmatig, meestal lineair obstakel met een werende functie, met kleinere afmetingen dan toegestaan voor opname in de BGT.",,nan,id-ec57b722-d4b4-42d2-af3c-31e085c63ebb,2022-12-12 16:28:35,OverigeScheiding,OVERIGE SCHEIDING,EAPK_2833C85B_BA94_4b59_80C0_2F665B589FBF,1.0,Proposed,,,,,1.0,
EAID_26D1113F_F7B3_4bdd_9AAE_EA14CC9F3C3F,,Business object,mante_h,BAG,2010-07-05 14:45:48,28062023-11:06:06,De kleinste bij de totstandkoming functioneel en bouwkundig-constructief zelfstandige eenheid die direct en duurzaam met de aarde is verbonden en betreedbaar en afsluitbaar is.,,nan,id-26d1113f-f7b3-4bdd-9aae-ea14cc9f3c3f,2022-12-12 16:28:35,Pand,PAND,EAPK_2833C85B_BA94_4b59_80C0_2F665B589FBF,1.0,Proposed,,,,,1.0,
EAID_CA9BC1BB_D572_4e47_BECF_17CFD379BD6A,,Business object,mante_h,BRP,2010-07-06 11:37:30,28062023-11:06:06,Een document dat vereist is voor reizen naar het buitenland,,nan,id-ca9bc1bb-d572-4e47-becf-17cfd379bd6a,2022-12-12 16:28:35,Reisdocument,REISDOCUMENT,EAPK_2833C85B_BA94_4b59_80C0_2F665B589FBF,1.0,Proposed,,,,,1.0,
EAID_A637379F_6E1D_47aa_AE75_3E22FE0DC814,,Business object,debat_e,BGT,2011-08-31 13:28:27,28062023-11:06:06,"Kunstmatig, meestal lineair obstakel met een werende functie.",,nan,id-a637379f-6e1d-47aa-ae75-3e22fe0dc814,2022-12-12 16:28:35,Scheiding,SCHEIDING,EAPK_2833C85B_BA94_4b59_80C0_2F665B589FBF,1.0,Proposed,,,,,1.0,
EAID_B0EA89D8_EE32_410b_B683_8CA937E5009D,,Business object,Ellen Debats,BGT,2010-07-06 13:45:46,28062023-11:06:06,"De as van het spoor, dat wil zeggen het midden van twee stalen staven op een onderling vaste afstand, waarover trein, tram, of sneltram rijdt.",,nan,id-b0ea89d8-ee32-410b-b683-8ca937e5009d,2022-12-12 16:28:35,Spoor,SPOOR,EAPK_2833C85B_BA94_4b59_80C0_2F665B589FBF,1.0,Proposed,,,,,1.0,
EAID_B1C6CA45_49C9_45f0_8B14_A721AD505C50,,Business object,mante_h,BAG,2010-07-05 00:11:57,28062023-11:06:06,"Een door het bevoegde gemeentelijke orgaan als zodanig aangewezen terrein of gedeelte daarvan dat bestemd is voor het permanent plaatsen van een niet direct en niet duurzaam met de aarde verbonden en voor woon -, bedrijfsmatige, of recreatieve doeleinden geschikte ruimte.",,nan,id-b1c6ca45-49c9-45f0-8b14-a721ad505c50,2022-12-12 16:28:35,Standplaats,STANDPLAATS,EAPK_2833C85B_BA94_4b59_80C0_2F665B589FBF,1.0,Proposed,,,,,1.0,
EAID_9DF5AC43_3673_4b9a_BB5E_6DCA7BE28835,,Data object,Arjen Brienen,,2010-07-05 15:26:28,28062023-11:06:06,Een NATUURLIJK PERSOON of een NIET-NATUURLIJK PERSOON,,nan,id-9df5ac43-3673-4b9a-bb5e-6dca7be28835,2022-12-12 16:28:35,Rechtspersoon,RECHTSPERSOON,EAPK_2833C85B_BA94_4b59_80C0_2F665B589FBF,1.0,Proposed,,,,,1.0,
EAID_2651D6E0_6AC8_43a8_A4F6_4706209BAC8E,,Business object,debat_e,BRK,2013-10-10 14:33:12,28062023-11:06:06,"Een TENAAMSTELLING  vormt de relatie tussen een Recht en een Persoon en geeft aan welk recht, met uitzondering van hypotheek en beslag, door een Persoon wordt uitgeoefend op een Kadastraal object. ",,nan,id-2651d6e0-6ac8-43a8-a4f6-4706209bac8e,2022-12-12 16:28:36,Tenaamstelling,TENAAMSTELLING,EAPK_2833C85B_BA94_4b59_80C0_2F665B589FBF,1.0,Proposed,,,,,1.0,
EAID_EE07AE43_1825_4377_9984_9636AB015C11,,Business object,Debat_E,BGT,2012-02-23 13:08:09,28062023-11:06:06,"Onderdeel van een kunstmatig aangelegde, kokervormige onderdoorgang, dat essentieel is voor de constructie.",,nan,id-ee07ae43-1825-4377-9984-9636ab015c11,2022-12-12 16:28:36,Tunneldeel,TUNNELDEEL,EAPK_2833C85B_BA94_4b59_80C0_2F665B589FBF,1.0,Proposed,,,,,1.0,
EAID_B60B8EF9_D1C0_4e36_BF9B_1C16F92518DD,,Business object,mante_h,NHR,2010-07-05 16:09:33,28062023-11:06:06,Een gebouw of complex van gebouwen waar duurzame uitoefening van de activiteiten van een onderneming of rechtspersoon plaatsvindt.,,nan,id-b60b8ef9-d1c0-4e36-bf9b-1c16f92518dd,2022-12-12 16:28:36,Vestiging,VESTIGING,EAPK_2833C85B_BA94_4b59_80C0_2F665B589FBF,1.0,Proposed,,,,,1.0,
EAID_9980DF6D_0C86_4039_8400_C54DAC77FB79,,Business object,Ellen Debats,IMGeo,2011-09-01 11:36:24,28062023-11:06:06,Solitair vegetatieobject of lijn- of vlakvormige groep gelijksoortige vegetatieobjecten met een beperkte omvang.,,nan,id-9980df6d-0c86-4039-8400-c54dac77fb79,2022-12-12 16:28:36,Vegetatieobject,VEGETATIEOBJECT,EAPK_2833C85B_BA94_4b59_80C0_2F665B589FBF,1.0,Proposed,,,,,1.0,
EAID_A33151CE_37B2_4026_B0AF_B541687B5B7C,,Business object,mante_h,BAG,2010-07-05 00:38:12,28062023-11:06:06,"De kleinste binnen één of meer panden gelegen en voor woon -, bedrijfsmatige, of recreatieve doeleinden geschikte eenheid van gebruik die ontsloten wordt via een eigen afsluitbare toegang vanaf de openbare weg, een erf of een gedeelde verkeersruimte, onderwerp kan zijn van goederenrechtelijke rechtshandelingen en in functioneel opzicht zelfstandig is.",,nan,id-a33151ce-37b2-4026-b0af-b541687b5b7c,2022-12-12 16:28:36,Verblijfsobject,VERBLIJFSOBJECT,EAPK_2833C85B_BA94_4b59_80C0_2F665B589FBF,1.0,Proposed,,,,,1.0,
EAID_FD0B5F4D_AE9B_47bd_8C60_031D21AC24B1,,Business object,mante_h,BGT,2010-07-06 13:56:29,28062023-11:06:06,"Kleinste functioneel onafhankelijk stukje water met gelijkblijvende, homogene eigenschappen en relaties dat er binnen het objecttype Water van NEN 3610 wordt onderscheiden.",,nan,id-fd0b5f4d-ae9b-47bd-8c60-031d21ac24b1,2022-12-12 16:28:36,Waterdeel,WATERDEEL,EAPK_2833C85B_BA94_4b59_80C0_2F665B589FBF,1.0,Proposed,,,,,1.0,
EAID_9B0F3F8B_B79B_46f7_BF81_96E4C63B9AC2,,Business object,mante_h,BGT,2010-07-06 13:59:10,28062023-11:06:06,"Kleinste functioneel onafhankelijk stukje van een NEN 3610 Weg,  met gelijkblijvende homogene eigenschappen en relaties en primair bedoeld voor gebruik door weg-, spoor- en vliegverkeer te land ",,nan,id-9b0f3f8b-b79b-46f7-bf81-96e4c63b9ac2,2022-12-12 16:28:36,Wegdeel,WEGDEEL,EAPK_2833C85B_BA94_4b59_80C0_2F665B589FBF,1.0,Proposed,,,,,1.0,
EAID_A660422D_E9ED_47c9_9978_480E57572775,,Business object,mante_h,,2018-03-21 15:46:55,28062023-11:06:06,Rechtsgrond op basis waarvan men bevoegd is in een land te verblijven.,,nan,id-a660422d-e9ed-47c9-9978-480e57572775,2022-12-12 16:28:36,Verblijfstitel,VERBLIJFSTITEL,EAPK_2833C85B_BA94_4b59_80C0_2F665B589FBF,1.0,Proposed,,,,,1.0,
EAID_2F759BC4_7E3C_4ce9_94FF_33A4106A6E5A,,Business object,mante_h,GFO BG,2010-07-05 14:35:18,28062023-11:06:06,"Een aaneengesloten gedeelte van het grondgebied van een gemeente, waarvan de grenzen zo veel mogelijk zijn gebaseerd op sociaal-geografische kenmerken.",,nan,id-2f759bc4-7e3c-4ce9-94ff-33a4106a6e5a,2022-12-12 16:28:36,Wijk,WIJK,EAPK_2833C85B_BA94_4b59_80C0_2F665B589FBF,1.0,Proposed,,,,,1.0,
EAID_039AFF88_F5F7_4c1a_B7E4_1BDFC495F67A,,Business object,mante_h,BAG,2010-07-05 14:23:09,28062023-11:06:06,Een door het bevoegde gemeentelijke orgaan als zodanig aangewezen en van een naam voorzien gedeelte van het grondgebied van de gemeente.,,nan,id-039aff88-f5f7-4c1a-b7e4-1bdfc495f67a,2022-12-12 16:28:36,Woonplaats,WOONPLAATS,EAPK_2833C85B_BA94_4b59_80C0_2F665B589FBF,1.0,Proposed,,,,,1.0,
EAID_EEC30588_0E12_41c9_977E_C885A0A7EDC3,,Business object,mante_h,Gegevenswoordenboek WOZ,2010-07-05 14:51:49,28062023-11:06:06,"Aanduiding van afzonderlijke elementen (delen van het object, bijzondere waarderelevante factoren) die voor de onderbouwing van de vastgestelde waarde van belang zijn.",,nan,id-eec30588-0e12-41c9-977e-c885a0a7edc3,2022-12-12 16:28:36,WOZDeelobject,WOZ-DEELOBJECT,EAPK_2833C85B_BA94_4b59_80C0_2F665B589FBF,1.0,Proposed,,,,,1.0,
EAID_CB7BA76D_0793_4d5a_9596_533C5BC56BBF,,Business object,mante_h,BRWOZ,2010-07-05 14:55:02,28062023-11:06:06,De onroerende zaak waarvan op grond van de Wet WOZ de waarde moet worden bepaald en vastgesteld.,,nan,id-cb7ba76d-0793-4d5a-9596-533c5bc56bbf,2022-12-12 16:28:36,WOZObject,WOZ-OBJECT,EAPK_2833C85B_BA94_4b59_80C0_2F665B589FBF,1.0,Proposed,,,,,1.0,
EAID_7C387F42_EC1A_4a78_B09B_533AAB03C0C2,,Data object,mante_h,BRWOZ,2010-07-05 15:00:40,28062023-11:06:06,De op grond van de Wet WOZ vastgestelde waarde van het WOZ-object naar de genoemde waardepeildatum.,,nan,id-7c387f42-ec1a-4a78-b09b-533aab03c0c2,2022-12-12 16:28:36,WOZWaarde,WOZ-WAARDE,EAPK_2833C85B_BA94_4b59_80C0_2F665B589FBF,1.0,Proposed,,,,,1.0,
EAID_8C809341_AC60_4378_8BA0_0843E8C06AF3,,Business object,mante_h,BRK,2010-07-06 11:00:41,28062023-11:06:06,"Het eigendom van, of een beperkt recht van een natuurlijk of niet-natuurlijk persoon (PERSOON) op, een onroerende zaak (met uitzondering van hypotheken en beslagen).",,nan,id-8c809341-ac60-4378-8ba0-0843e8c06af3,2022-12-12 16:28:36,ZakelijkRecht,ZAKELIJK RECHT,EAPK_2833C85B_BA94_4b59_80C0_2F665B589FBF,1.0,Proposed,,,,,1.0,
EAID_3397A5B5_E789_46e6_8559_C528EA55F830,,Business object,debat_e,BRK,2015-02-24 10:05:15,28062023-11:06:06,Een zekerheidsrecht is een beperkt recht (hypotheek) of een beperking (beslag).,,nan,id-3397a5b5-e789-46e6-8559-c528ea55f830,2022-12-12 16:28:37,Zekerheidsrecht,ZEKERHEIDSRECHT,EAPK_2833C85B_BA94_4b59_80C0_2F665B589FBF,1.0,Proposed,,,,,1.0,
EAID_DF81069D_CBE4_433e_AB7C_CB06170275C9,,Business object,debat_e,,2011-11-28 14:45:08,28062023-11:06:06,Nadere aanduiding van het WOZ-object middels een locatieomschrijving van ADRESSEERBAAR OBJECT AANDUIDING.,,nan,id-df81069d-cbe4-433e-ab7c-cb06170275c9,2022-12-12 16:28:37,LocatieaanduidingAdresWOZObject,LOCATIEAANDUIDING ADRES WOZ OBJECT,EAPK_B654E255_2E53_4ed6_BF3D_F8C88EE4F63A,1.0,Proposed,,,,,1.0,
EAID_C14C1D0E_2EE3_4d79_B7AB_BC0B7686FEF4,,Data object,Arjen Brienen,https://www.gemmaonline.nl/index.php/Rgbz_2.0/doc/gegevensgroeptype/woz-object.adresaanduiding_woz-object,2019-05-22 12:11:18,28062023-11:06:06,De adresaanduiding van het WOZ-OBJECT,,nan,id-c14c1d0e-2ee3-4d79-b7ab-bc0b7686fef4,2022-12-12 16:28:37,Adresaanduiding,Adresaanduiding,EAPK_6B55D7BF_696E_486b_B195_D6720BEC4EA5,1.0,Proposed,,,,,1.0,
EAID_CE58213C_7904_4c04_964C_8CE34C4443DF,,Data object,mante_h,KING ,2015-10-05 08:15:25,28062023-11:06:06,De gegevens over het buitenlands correspondentie (-post)adres in het buitenland,,nan,id-ce58213c-7904-4c04-964c-8ce34c4443df,2022-12-12 16:28:37,CorrespondentieadresBuitenland,Correspondentieadres buitenland,EAPK_6B55D7BF_696E_486b_B195_D6720BEC4EA5,1.0,Proposed,,,,,1.0,
EAID_C9DD308F_7EA7_4c1a_BC7D_68077692C113,,Data object,Debat_E,BRP,2011-02-04 07:43:56,28062023-11:06:06,Gegevens over de geboorte van de INGESCHREVEN NATUURLIJK PERSOON.,,nan,id-c9dd308f-7ea7-4c1a-bc7d-68077692c113,2022-12-12 16:28:37,GeboorteIngeschrevenNatuurlijkPersoon,Geboorte ingeschreven natuurlijk persoon,EAPK_6B55D7BF_696E_486b_B195_D6720BEC4EA5,1.0,Proposed,,,,,1.0,
EAID_4904DACB_3C13_43c1_BA00_137D9BFA3856,,Data object,Debat_E,,2018-03-21 15:46:57,28062023-11:06:06,Gegevens over de geboorte van de ingeschreven persoon.,,nan,id-4904dacb-3c13-43c1-ba00-137d9bfa3856,2022-12-12 16:28:37,GeboorteIngeschrevenPersoon,Geboorte INGESCHREVEN PERSOON,EAPK_6B55D7BF_696E_486b_B195_D6720BEC4EA5,1.0,Proposed,,,,,1.0,
EAID_EAF23F0A_1175_465d_A889_7396B2E18967,,Data object,mante_h,,2018-03-21 15:46:57,28062023-11:06:06,{nog niet in NHR uitgewerkt},,nan,id-eaf23f0a-1175-465d-a889-7396b2e18967,2022-12-12 16:28:37,HandelsnamenMaatschappelijkeActiviteit,Handelsnamen MAATSCHAPPELIJKE ACTIVITEIT,EAPK_6B55D7BF_696E_486b_B195_D6720BEC4EA5,1.0,Proposed,,,,,1.0,
EAID_FDD9A2C7_930E_4646_B1FE_81060430DC55,,Data object,mante_h,,2018-03-21 15:46:57,28062023-11:06:06,{nog niet in NHR uitgewerkt},,nan,id-fdd9a2c7-930e-4646-b1fe-81060430dc55,2022-12-12 16:28:37,HandelsnamenVestiging,Handelsnamen VESTIGING,EAPK_6B55D7BF_696E_486b_B195_D6720BEC4EA5,1.0,Proposed,,,,,1.0,
EAID_B1CB6F3A_A1F5_43f2_B077_02AD7441B1E3,,Data object,mante_h,BRK,2010-07-13 23:32:13,28062023-11:06:06,"Het in een ter inschrijving aangeboden stuk vermelde bedrag, waarvoor 1 of meer onroerende zaken zijn verkregen. ",,nan,id-b1cb6f3a-a1f5-43f2-b077-02ad7441b1e3,2022-12-12 16:28:37,KoopsomKadastraleOnroerendeZaak,Koopsom kadastrale onroerende zaak,EAPK_6B55D7BF_696E_486b_B195_D6720BEC4EA5,1.0,Proposed,,,,,1.0,
EAID_1ECAEB3C_EBE2_4afb_8D34_6AFEEFDF3FCA,,Data object,mante_h,KING o.b.v. BRK,2010-07-13 23:18:21,28062023-11:06:06,Deze wordt gebruikt om één of meer locatieaanduiding(en) van een onroerende zaak weer te geven.,,nan,id-1ecaeb3c-ebe2-4afb-8d34-6afeefdf3fca,2022-12-12 16:28:37,LocatieKadastraleOnroerendeZaak,Locatie kadastrale onroerende zaak,EAPK_6B55D7BF_696E_486b_B195_D6720BEC4EA5,1.0,Proposed,,,,,1.0,
EAID_21BC7953_0237_44c7_ACA5_8A8BC7AE96AD,,Data object,Haas_R,BRP,2015-01-25 18:59:59,28062023-11:06:06,Om gegevens vast te leggen over immigratie en emigratie.,,nan,id-21bc7953-0237-44c7-aca5-8a8bc7ae96ad,2022-12-12 16:28:37,MigratieIngeschrevenNatuurlijkPersoon,Migratie ingeschreven natuurlijk persoon,EAPK_6B55D7BF_696E_486b_B195_D6720BEC4EA5,1.0,Proposed,,,,,3.0,
EAID_1F5046AA_A7C3_4146_9C7C_E80AC8F7A2FF,,Data object,mante_h,,2018-03-21 15:46:56,28062023-11:06:06,De naamgegevens waarmee de persoon heeft aangegeven aangeschreven te willen worden,,nan,id-1f5046aa-a7c3-4146-9c7c-e80ac8f7a2ff,2022-12-12 16:28:37,NaamAanschrijvingNatuurlijkPersoon,Naam aanschrijving NATUURLIJK PERSOON,EAPK_6B55D7BF_696E_486b_B195_D6720BEC4EA5,1.0,Proposed,,,,,1.0,
EAID_47AEC100_56C6_4450_B6A2_02C7E420D5EC,,Data object,mante_h,,2018-03-21 15:46:57,28062023-11:06:06,Gegevens over de naam van de natuurlijk persoon,,nan,id-47aec100-56c6-4450-b6a2-02c7e420d5ec,2022-12-12 16:28:37,NaamNatuurlijkPersoon,Naam NATUURLIJK PERSOON,EAPK_6B55D7BF_696E_486b_B195_D6720BEC4EA5,1.0,Proposed,,,,,1.0,
EAID_02601AC0_9F85_47e3_82AF_7E8D860559F7,,Data object,mante_h,BRP,2011-02-04 11:48:51,28062023-11:06:06,De naamgegevens waarmee de persoon heeft aangegeven aangeschreven te willen worden,,nan,id-02601ac0-9f85-47e3-82af-7e8d860559f7,2022-12-12 16:28:37,NaamgebruikNatuurlijkPersoon,Naamgebruik natuurlijk persoon,EAPK_6B55D7BF_696E_486b_B195_D6720BEC4EA5,1.0,Proposed,,,,,1.0,
EAID_261B509E_6879_4475_B5F8_77E8428816CE,,Data object,mante_h,BRP,2010-07-13 14:00:34,28062023-11:06:06,Gegevens over de nationaliteit.,,nan,id-261b509e-6879-4475-b5f8-77e8428816ce,2022-12-12 16:28:37,NationaliteitIngeschrevenNatuurlijkPersoon,Nationaliteit ingeschreven natuurlijk persoon,EAPK_6B55D7BF_696E_486b_B195_D6720BEC4EA5,1.0,Proposed,,,,,1.0,
EAID_BA5F2281_466D_4c69_9EB8_D10614C5CD8E,,Data object,mante_h,,2018-03-21 15:46:57,28062023-11:06:06,Gegevens over de nationaliteit.,,nan,id-ba5f2281-466d-4c69-9eb8-d10614c5cd8e,2022-12-12 16:28:37,NederlandseNationaliteitIngeschrevenPersoon,Nederlandse nationaliteit INGESCHREVEN PERSOON,EAPK_6B55D7BF_696E_486b_B195_D6720BEC4EA5,1.0,Proposed,,,,,1.0,
EAID_10E7F112_407D_4099_9CC7_F6B53DD094BF,,Data object,mante_h,BRP,2010-07-13 12:25:59,28062023-11:06:06,Gegevens over het ontbonden huwelijk of geregistreerd partnerschap.,,nan,id-10e7f112-407d-4099-9cc7-f6b53dd094bf,2022-12-12 16:28:37,OntbindingHuwelijk/geregistreerdPartnerschap,Ontbinding huwelijk/geregistreerd partnerschap,EAPK_6B55D7BF_696E_486b_B195_D6720BEC4EA5,1.0,Proposed,,,,,1.0,
EAID_26BCBA8B_C96C_4fc1_8CC3_40698E0FB71E,,Data object,Debat_E,BRP,2011-02-04 08:57:32,28062023-11:06:06,Gegevens over het overlijden van de ingeschreven natuurlijk persoon.,,nan,id-26bcba8b-c96c-4fc1-8cc3-40698e0fb71e,2022-12-12 16:28:37,OverlijdenIngeschrevenNatuurlijkPersoon,Overlijden ingeschreven natuurlijk persoon,EAPK_6B55D7BF_696E_486b_B195_D6720BEC4EA5,1.0,Proposed,,,,,1.0,
EAID_E4578F75_847E_48ef_A91F_EF8B53AEDEC5,,Data object,Debat_E,,2018-03-21 15:46:57,28062023-11:06:06,Gegevens over het overlijden van de ingeschreven persoon.,,nan,id-e4578f75-847e-48ef-a91f-ef8b53aedec5,2022-12-12 16:28:37,OverlijdenIngeschrevenPersoon,Overlijden INGESCHREVEN PERSOON,EAPK_6B55D7BF_696E_486b_B195_D6720BEC4EA5,1.0,Proposed,,,,,1.0,
EAID_990C2EBD_AB9B_4f3f_AFF0_18BA11A552DA,,Data object,mante_h,KING,2010-07-21 17:06:50,28062023-11:06:06,De gegevens die tezamen een postbusadres of antwoordnummeradres vormen,,nan,id-990c2ebd-ab9b-4f3f-aff0-18ba11a552da,2022-12-12 16:28:37,Postadres,Postadres,EAPK_6B55D7BF_696E_486b_B195_D6720BEC4EA5,1.0,Proposed,,,,,1.0,
EAID_BB4BA421_A7D6_4b33_B64A_49AA82C56242,,Data object,Debat_E,KING,2011-04-07 09:32:24,28062023-11:06:06,De gegevens inzake de bankrekening waarmee het SUBJECT in de regel financieel communiceert. ,,nan,id-bb4ba421-a7d6-4b33-b64a-49aa82c56242,2022-12-12 16:28:37,Rekeningnummer,Rekeningnummer ,EAPK_6B55D7BF_696E_486b_B195_D6720BEC4EA5,1.0,Proposed,,,,,1.0,
EAID_61321504_DFA1_4b65_853B_88C0581576F9,,Data object,mante_h,BRP,2010-07-15 16:01:15,28062023-11:06:06,Gegevens over de naam van de NATUURLIJK PERSOON,,nan,id-61321504-dfa1-4b65-853b-88c0581576f9,2022-12-12 16:28:37,SamengesteldeNaamNatuurlijkPersoon,Samengestelde naam natuurlijk persoon,EAPK_6B55D7BF_696E_486b_B195_D6720BEC4EA5,1.0,Proposed,,,,,1.0,
EAID_EAD40DDC_9904_4cde_BE9B_2100268E71B7,,Data object,Debat_E,NHR,2011-05-02 08:57:15,28062023-11:06:06,Aanduiding van de activiteit (en) van een vestiging  conform de Standaard BedrijfsIndeling ,,nan,id-ead40ddc-9904-4cde-be9b-2100268e71b7,2022-12-12 16:28:37,SBIActiviteitVestiging,SBI activiteit vestiging,EAPK_6B55D7BF_696E_486b_B195_D6720BEC4EA5,1.0,Proposed,,,,,1.0,
EAID_28A0D7C0_DABF_403b_B263_22F424032A28,,Data object,mante_h,BRP,2010-07-13 09:57:09,28062023-11:06:06,Gegevens over het gesloten huwelijk of het aangegane geregistreerd partnerschap.,,nan,id-28a0d7c0-dabf-403b-b263-22f424032a28,2022-12-12 16:28:37,SluitingOfAangaanHuwelijkOfGeregistreerdPartnerschap,Sluiting/aangaan huwelijk/geregistreerd partnerschap,EAPK_6B55D7BF_696E_486b_B195_D6720BEC4EA5,1.0,Proposed,,,,,1.0,
EAID_C2D0F78A_D6FC_4330_B78C_4F4B34EE1349,,Data object,debat_e,KING,2013-05-24 14:48:27,28062023-11:06:06,Gegevens over het soort functioneel gebied.,,nan,id-c2d0f78a-d6fc-4330-b78c-4f4b34ee1349,2022-12-12 16:28:37,SoortFunctioneelGebied,Soort functioneel gebied,EAPK_6B55D7BF_696E_486b_B195_D6720BEC4EA5,1.0,Proposed,,,,,1.0,
EAID_64D33964_B205_4071_9C0F_00E6AFDACC45,,Data object,debat_e,KING,2013-05-24 15:38:41,28062023-11:06:06,Gegevens over het soort kunstwerk.,,nan,id-64d33964-b205-4071-9c0f-00e6afdacc45,2022-12-12 16:28:37,SoortKunstwerk,Soort kunstwerk,EAPK_6B55D7BF_696E_486b_B195_D6720BEC4EA5,1.0,Proposed,,,,,1.0,
EAID_4CB05400_6AE8_44d9_AA8A_5CA84CFB0B6E,,Data object,debat_e,KING,2013-05-24 14:40:35,28062023-11:06:06,Gegevens over het soort overig bouwwerk.,,nan,id-4cb05400-6ae8-44d9-aa8a-5ca84cfb0b6e,2022-12-12 16:28:37,SoortOverigBouwwerk,Soort overig bouwwerk,EAPK_6B55D7BF_696E_486b_B195_D6720BEC4EA5,1.0,Proposed,,,,,1.0,
EAID_E500F84E_81CE_4984_832E_C3B53D14722A,,Data object,debat_e,KING,2013-05-24 13:43:47,28062023-11:06:06,Gegevens over de soort scheiding,,nan,id-e500f84e-81ce-4984-832e-c3b53d14722a,2022-12-12 16:28:37,SoortScheiding,Soort scheiding,EAPK_6B55D7BF_696E_486b_B195_D6720BEC4EA5,1.0,Proposed,,,,,1.0,
EAID_2F658B5B_1B89_437e_8EAD_FD544FD62A0A,,Data object,debat_e,KING,2013-05-24 13:34:01,28062023-11:06:06,Gegevens over het soort spoor.,,nan,id-2f658b5b-1b89-437e-8ead-fd544fd62a0a,2022-12-12 16:28:38,SoortSpoor,Soort spoor,EAPK_6B55D7BF_696E_486b_B195_D6720BEC4EA5,1.0,Proposed,,,,,1.0,
EAID_C97E674B_BCBC_45e8_B60C_1E0C7954D751,,Data object,debat_e,KING,2015-02-24 08:40:09,28062023-11:06:06,"<font color=""#0f0f0f"">Verwijzing naar de splitsingstekening behorende bij de APPARTEMENTSRECHTSPLITSING</font>",,nan,id-c97e674b-bcbc-45e8-b60c-1e0c7954d751,2022-12-12 16:28:38,SplitsingstekeningReferentie,Splitsingstekeningreferentie ,EAPK_6B55D7BF_696E_486b_B195_D6720BEC4EA5,1.0,Proposed,,,,,1.0,
EAID_E3567219_5744_4b70_901D_BAEBD8FF4947,,Data object,mante_h,KING op basis van BRP,2010-07-21 17:20:50,28062023-11:06:06,De gegevens over het verblijf in het buitenland,,nan,id-e3567219-5744-4b70-901d-baebd8ff4947,2022-12-12 16:28:38,VerblijfBuitenland,Verblijf buitenland,EAPK_6B55D7BF_696E_486b_B195_D6720BEC4EA5,1.0,Proposed,,,,,1.0,
EAID_19BA2B32_7BC5_41be_A352_21C41423C4B2,,Data object,mante_h,,2018-03-21 15:46:57,28062023-11:06:06,De gegevens over het verblijf in het buitenland,,nan,id-19ba2b32-7bc5-41be-a352-21c41423c4b2,2022-12-12 16:28:38,VerblijfBuitenlandSubject,Verblijf buitenland SUBJECT,EAPK_6B55D7BF_696E_486b_B195_D6720BEC4EA5,1.0,Proposed,,,,,1.0,
EAID_E5E010C2_C1F3_4986_AA9A_C71C19263606,,Data object,mante_h,BRP,2010-07-13 16:15:53,28062023-11:06:06,De gegevens over het verblijf en adres van de INGESCHREVEN NATUURLIJK PERSOON,,nan,id-e5e010c2-c1f3-4986-aa9a-c71c19263606,2022-12-12 16:28:38,VerblijfadresIngeschrevenNatuurlijkPersoon,Verblijfadres ingeschreven natuurlijk persoon,EAPK_6B55D7BF_696E_486b_B195_D6720BEC4EA5,1.0,Proposed,,,,,1.0,
EAID_F6DAC299_3F19_45c6_BFFE_EB38C1C51459,,Data object,mante_h,,2018-03-21 15:46:57,28062023-11:06:06,De gegevens over het verblijf en adres van de INGESCHREVEN PERSOON,,nan,id-f6dac299-3f19-45c6-bffe-eb38c1c51459,2022-12-12 16:28:38,VerblijfadresIngeschrevenPersoon,Verblijfadres INGESCHREVEN PERSOON,EAPK_6B55D7BF_696E_486b_B195_D6720BEC4EA5,1.0,Proposed,,,,,1.0,
EAID_0DC6F150_CF59_4376_A5F0_E0B600BE4C53,,Data object,haas_r,BRP,2015-01-27 14:09:23,28062023-11:06:06,De gegevens om het verblijfsrecht vast te leggen.,,nan,id-0dc6f150-cf59-4376-a5f0-e0b600be4c53,2022-12-12 16:28:38,VerblijfsrechtIngeschrevenNatuurlijkPersoon,Verblijfsrecht ingeschreven natuurlijk persoon,EAPK_6B55D7BF_696E_486b_B195_D6720BEC4EA5,1.0,Proposed,,,,,1.0,
EAID_8E090A86_8095_458c_B162_B09982158CD5,,Data object,Haas_R,BRP,2015-01-25 14:50:12,28062023-11:06:06,Een INGESCHREVEN NATUURLIJK PERSOON kan voor één of meerdere partijen kiezen voor wie een verstrekkingsbeperking geldt.,,nan,id-8e090a86-8095-458c-b162-b09982158cd5,2022-12-12 16:28:38,VerstrekkingsbeperkingPartieelIngeschrevenNatuurlijkPersoon,Verstrekkingsbeperking  partieel ingeschreven natuurlijk persoon,EAPK_6B55D7BF_696E_486b_B195_D6720BEC4EA5,1.0,Proposed,,,,,3.0,
EAID_EBE4A0C9_9281_4750_8E70_AF70A549CD6B,,Business object,Haas_R,BRP,2015-05-04 11:23:39,28062023-11:06:06,Aanduiding in verband met het verblijfsrecht van de vreemdeling.,,nan,id-ebe4a0c9-9281-4750-8e70-af70a549cd6b,2022-12-12 16:28:38,AanduidingVerblijfsrecht,AANDUIDING VERBLIJFSRECHT,EAPK_38DBC4A7_96E3_4e93_AD37_84BF1310F685,1.0,Proposed,,,,,1.0,
EAID_E36F8A4C_C487_40ec_9D4F_4FDF5DCED461,,Business object,Debat_E,BRP,2015-11-26 12:09:05,28062023-11:06:06,Een opsomming van de diverse coderingen van de autoriteiten die een Nederlands reisdocument kunnen afgegeven ,,nan,id-e36f8a4c-c487-40ec-9d4f-4fdf5dced461,2022-12-12 16:28:38,AutoriteitAfgifteNederlandsReisdocument,AUTORITEIT AFGIFTE NEDERLANDS REISDOCUMENT,EAPK_38DBC4A7_96E3_4e93_AD37_84BF1310F685,1.0,Proposed,,,,,1.0,
EAID_0F51B100_1C60_4d54_9B60_1C9BF9C856A2,,Data object,aashkpour,,2021-10-05 17:15:12,28062023-11:06:06,,,nan,id-0f51b100-1c60-4d54-9b60-1c9bf9c856a2,2022-12-12 16:28:38,Verblijfstitel,Verblijfstitel,EAPK_38DBC4A7_96E3_4e93_AD37_84BF1310F685,1.0,Proposed,,,,,1.0,
EAID_BE0C0747_E9CD_4ae1_A83C_94A724513C7B,,Data object,debat_e,BRK,2015-09-17 09:10:38,28062023-11:06:06,Een opsomming van de diverse aarden van de aantekeningen zoals door de Dienst Kadaster is onderscheiden.,,nan,id-be0c0747-e9cd-4ae1-a83c-94a724513c7b,2022-12-12 16:28:38,AardAantekening,AARD AANTEKENING,EAPK_38DBC4A7_96E3_4e93_AD37_84BF1310F685,1.0,Proposed,,,,,1.0,
EAID_AC4F4A9C_1623_4447_9813_0722CDD58E66,,Data object,debat_e,BRK,2015-02-27 09:34:12,28062023-11:06:06,Een opsomming van de diverse aarden van het zakelijk rechten zoals door de Dienst Kadaster is onderscheiden.,,nan,id-ac4f4a9c-1623-4447-9813-0722cdd58e66,2022-12-12 16:28:38,AardZakelijkRecht,AARD ZAKELIJK RECHT,EAPK_38DBC4A7_96E3_4e93_AD37_84BF1310F685,1.0,Proposed,,,,,1.0,
EAID_1453EF69_1E5E_49ae_8510_A68652374710,,Data object,debat_e,BRK,2015-03-02 11:02:57,28062023-11:06:06,Een opsomming van redenen waarom kadastrale onroerende zaken aan elkaar gerelateerd kunnen zijn,,nan,id-1453ef69-1e5e-49ae-8510-a68652374710,2022-12-12 16:28:38,AardFiliatie,AARD FILIATIE,EAPK_38DBC4A7_96E3_4e93_AD37_84BF1310F685,1.0,Proposed,,,,,1.0,
EAID_B2857D85_8135_461e_90FF_A2E3DDD9981D,,Data object,mante_h,,2018-03-21 15:46:58,28062023-11:06:06,Een formeel via het Staatsblad gepubliceerde aanduiding van een wetenschappelijke of andere graad van opleiding welke bij aanschrijving voorafgaat aan de voornamen (dan wel de daarvan afgeleide naamgegevens) dan wel volgt op de achternaam.,,nan,id-b2857d85-8135-461e-90ff-a2e3ddd9981d,2022-12-12 16:28:38,AcademischeTitel,ACADEMISCHE TITEL,EAPK_38DBC4A7_96E3_4e93_AD37_84BF1310F685,1.0,Proposed,,,,,1.0,
EAID_6BA8DD14_1CC9_4669_BDCC_856B5C628D6B,,Business object,debat_e,BRK,2015-02-27 09:59:31,28062023-11:06:06,De door de Dienst Kadaster onderkende AKR codes voor  kadastrale gemeenten,,nan,id-6ba8dd14-1cc9-4669-bdcc-856b5c628d6b,2022-12-12 16:28:38,AKRKadastraleGemeentecode,AKR KADASTRALE GEMEENTECODE,EAPK_38DBC4A7_96E3_4e93_AD37_84BF1310F685,1.0,Proposed,,,,,1.0,
EAID_DADECD97_1605_4c24_84A7_46AB2327468D,,Business object,debat_e,BRK,2015-02-27 12:20:57,28062023-11:06:06,De mogelijke cultuurcodes bebouwd conform de waardelijst Cultuurcode Bebouwd van het Kadaster,,nan,id-dadecd97-1605-4c24-84a7-46ab2327468d,2022-12-12 16:28:38,CultuurcodeBebouwd,CULTUURCODE BEBOUWD,EAPK_38DBC4A7_96E3_4e93_AD37_84BF1310F685,1.0,Proposed,,,,,1.0,
EAID_ACAF3418_7E0F_43eb_B470_4AF98C37A49B,,Business object,debat_e,BRK,2015-02-27 14:08:48,28062023-11:06:06,De mogelijke cultuurcodes bebouwd conform de waardelijst Cultuurcode Bebouwd van het Kadaster,,nan,id-acaf3418-7e0f-43eb-b470-4af98c37a49b,2022-12-12 16:28:38,CultuurcodeOnbebouwd,CULTUURCODE ONBEBOUWD,EAPK_38DBC4A7_96E3_4e93_AD37_84BF1310F685,1.0,Proposed,,,,,1.0,
EAID_D8154D91_27A5_4cc1_9B52_639BF24CAC29,,Data object,debat_e,BRWOZ,2015-03-09 11:16:33,28062023-11:06:06,De mogelijke codes  waarin een soort object kan worden uitgedrukt conform de uniforme deelobjectcodelijst van de Waarderingskamer,,nan,id-d8154d91-27a5-4cc1-9b52-639bf24cac29,2022-12-12 16:28:38,WOZDeelobjectcode,WOZ DEELOBJECTCODE,EAPK_38DBC4A7_96E3_4e93_AD37_84BF1310F685,1.0,Proposed,,,,,1.0,
EAID_51BA37A4_2E1D_4704_9153_02759084D5E2,,Business object,debat_e,BRK,2013-10-10 10:50:59,28062023-11:06:06,"De mogelijke onderscheiden gedeeltes van het grondgebied van Nederland, volgens de Dienst Kadaster en de Openbare Registers, zoals nader omschreven in het Kadasterbesluit",,nan,id-51ba37a4-2e1d-4704-9153-02759084d5e2,2022-12-12 16:28:38,KadastraleGemeente,KADASTRALE GEMEENTE,EAPK_38DBC4A7_96E3_4e93_AD37_84BF1310F685,1.0,Proposed,,,,,1.0,
EAID_A17A01A9_2A4F_46e8_A55A_2B151F8ED46E,,Business object,mante_h,GFO BG,2010-07-06 13:26:39,28062023-11:06:06,"Een gedeelte van de wereld met een eigen bestuur, waarvan de soevereiniteit in ieder geval door Nederland is erkend.",,nan,id-a17a01a9-2a4f-46e8-a55a-2b151f8ed46e,2022-12-12 16:28:38,LandOfGebied,LAND/GEBIED,EAPK_38DBC4A7_96E3_4e93_AD37_84BF1310F685,1.0,Proposed,,,,,1.0,
EAID_5A8F56B7_AE35_4212_B059_DAD064EDBAB8,,Business object,mante_h,GFO BG,2019-01-21 14:39:45,28062023-11:06:06,"Een gedeelte van de wereld met een eigen bestuur, waarvan de soevereiniteit in ieder geval door Nederland is erkend.",,nan,id-5a8f56b7-ae35-4212-b059-dad064edbab8,2022-12-12 16:28:38,Provincie,Provincie,EAPK_38DBC4A7_96E3_4e93_AD37_84BF1310F685,1.0,Proposed,,,,,1.0,
EAID_0F175713_CEAB_4c6e_8A61_27F93C1FC777,,Business object,Haas_R,BRP,2015-04-30 16:13:29,28062023-11:06:06,Een PARTIJ die bij de centrale voorzieningen van de BRP bekend is.,,nan,id-0f175713-ceab-4c6e-8a61-27f93c1fc777,2022-12-12 16:28:38,Partij,PARTIJ,EAPK_38DBC4A7_96E3_4e93_AD37_84BF1310F685,1.0,Proposed,,,,,1.0,
EAID_61D1E99C_DF5E_48ee_8BAB_4ACA1745BC7C,,Business object,Haas_R,BRP,2015-05-01 13:49:06,28062023-11:06:06,Tabel waarin de redenen staan voor opname van de Nederlandse nationaliteit.,,nan,id-61d1e99c-df5e-48ee-8bab-4aca1745bc7c,2022-12-12 16:28:38,RedenVerkrijgingNationaliteit,REDEN VERKRIJGING NATIONALITEIT,EAPK_38DBC4A7_96E3_4e93_AD37_84BF1310F685,1.0,Proposed,,,,,1.0,
EAID_7F97B43F_CCA1_4bfc_9824_9BEC8D2A70E6,,Business object,Haas_R,BRP,2015-05-01 13:49:06,28062023-11:06:06,Tabel waarin de redenen staan voor beëindiging van de Nederlandse nationaliteit.,,nan,id-7f97b43f-cca1-4bfc-9824-9bec8d2a70e6,2022-12-12 16:28:38,RedenVerliesNationaliteit,REDEN VERLIES NATIONALITEIT,EAPK_38DBC4A7_96E3_4e93_AD37_84BF1310F685,1.0,Proposed,,,,,1.0,
EAID_6B9EC881_1112_44bc_B114_203A793A54B1,,Data object,mante_h,BRP,2010-07-06 12:14:18,28062023-11:06:06,Een opsomming van de modellen van de Nederlandse reisdocumenten.,,nan,id-6b9ec881-1112-44bc-b114-203a793a54b1,2022-12-12 16:28:38,Reisdocumentsoort,REISDOCUMENTSOORT,EAPK_38DBC4A7_96E3_4e93_AD37_84BF1310F685,1.0,Proposed,,,,,1.0,
EAID_B3F47842_F9C5_4417_BC76_05CA58D4998D,,Data object,debat_e,CBS,2015-02-03 09:46:54,28062023-11:06:06,De hiërarchische indeling van economische activiteiten conform SBI (Standaard Bedrijfsindeling).,,nan,id-b3f47842-f9c5-4417-bc76-05ca58d4998d,2022-12-12 16:28:38,SBIActiviteit,SBI ACTIVITEIT,EAPK_38DBC4A7_96E3_4e93_AD37_84BF1310F685,1.0,Proposed,,,,,1.0,
EAID_9D7F05BF_414E_4071_9E78_FAD2AA21D40E,,Data object,debat_e,BRK,2015-02-27 13:50:33,28062023-11:06:06,Een opsomming van de  soorten grootte zoals die kunnen voorkomen in een aktetekst van het Kadaster  en aanduiden op welke wijze de grootte van een perceel is vastgesteld conform de waardelijst SoortGrootte van het Kadaster,,nan,id-9d7f05bf-414e-4071-9e78-fad2aa21d40e,2022-12-12 16:28:38,SoortGrootte,SOORT GROOTTE,EAPK_38DBC4A7_96E3_4e93_AD37_84BF1310F685,1.0,Proposed,,,,,1.0,
EAID_3741181A_07D0_4f62_B076_B3318266500F,,Data object,debat_e,BRWOZ,2015-03-09 11:36:08,28062023-11:06:06,De mogelijke codes  waarin een soort object kan worden uitgedrukt conform de uniforme soort objectcodelijst van de Waarderingskamer,,nan,id-3741181a-07d0-4f62-b076-b3318266500f,2022-12-12 16:28:38,SoortWOZObject,SOORT WOZ-OBJECT,EAPK_38DBC4A7_96E3_4e93_AD37_84BF1310F685,1.0,Proposed,,,,,1.0,
EAID_DC6C8DCB_EE07_4e2b_9087_648BD0D0D473,,Data object,debat_e,BRK,2015-02-27 11:55:08,28062023-11:06:06,De mogelijke munteenheden waarin een geldbedrag kan worden uitgedrukt conform de waardelijst Valutasoort van het Kadaster,,nan,id-dc6c8dcb-ee07-4e2b-9087-648bd0d0d473,2022-12-12 16:28:38,Valutasoort,VALUTASOORT,EAPK_38DBC4A7_96E3_4e93_AD37_84BF1310F685,1.0,Proposed,,,,,1.0,
EAID_4B2CCD18_9004_4253_B72E_9243F3330F02,,Business object,mante_h,,2018-03-21 15:46:58,28062023-11:06:06,"Een gedeelte van de wereld met een eigen bestuur, waarvan de soevereiniteit in ieder geval door Nederland is erkend.",,nan,id-4b2ccd18-9004-4253-b72e-9243f3330f02,2022-12-12 16:28:39,Land,LAND,EAPK_38DBC4A7_96E3_4e93_AD37_84BF1310F685,1.0,Proposed,,,,,1.0,
EAID_71B3BE0D_2BF9_4740_9597_A0EEC75AFE9B,,Business object,Ellen Debats,,2018-03-21 15:46:58,28062023-11:06:06,De hoedanigheid van tot een bepaalde natie te behoren.,,nan,id-71b3be0d-2bf9-4740-9597-a0eec75afe9b,2022-12-12 16:28:39,Nationaliteit,NATIONALITEIT,EAPK_38DBC4A7_96E3_4e93_AD37_84BF1310F685,1.0,Proposed,,,,,1.0,
EAID_ABC4F2A1_A1C6_4db4_9227_4D7D63C5F94E,,Data object,Arjen Brienen,,2018-08-09 15:43:04,28062023-11:06:06,De hoedanigheid van tot een bepaalde natie te behoren.,,nan,id-abc4f2a1-a1c6-4db4-9227-4d7d63c5f94e,2022-12-12 16:28:39,Valuta,VALUTA,EAPK_38DBC4A7_96E3_4e93_AD37_84BF1310F685,1.0,Proposed,,,,,1.0,
EAID_47EA6A95_24DD_4ff9_BC2C_1B9BBC08C694,,,,,,,,,,,,,,EAPK_E7F4648E_AF2D_42d5_A524_700F87CC82B6,,,,,,,,
EAID_AE553F3F_B8B6_4bd2_A6A1_8051145C823B,,Data object,mante_h,,2010-11-01 04:24:25,28062023-11:06:06,,,nan,id-ae553f3f-b8b6-4bd2-a6a1-8051145c823b,2022-12-12 16:28:44,ObjecttypeA,Objecttype A,EAPK_E7F4648E_AF2D_42d5_A524_700F87CC82B6,1.0,Proposed,,,,,1.0,
EAID_0799B0D1_5067_43e2_8A6F_48FB972225E5,,Data object,mante_h,,2010-11-01 04:24:41,28062023-11:06:06,,,nan,id-0799b0d1-5067-43e2-8a6f-48fb972225e5,2022-12-12 16:28:44,ObjecttypeB,Objecttype B,EAPK_E7F4648E_AF2D_42d5_A524_700F87CC82B6,1.0,Proposed,,,,,1.0,
EAID_889A7DC6_B389_4e02_BB53_CC0B2B5B0D91,,Data object,mante_h,,2010-11-01 04:26:37,28062023-11:06:06,,,nan,id-889a7dc6-b389-4e02-bb53-cc0b2b5b0d91,2022-12-12 16:28:44,ObjecttypeC,Objecttype C,EAPK_E7F4648E_AF2D_42d5_A524_700F87CC82B6,1.0,Proposed,,,,,1.0,
EAID_DE4D6CAB_7798_46cd_AE1B_328684681323,,Data object,Debat_E,,2011-02-21 08:17:47,28062023-11:06:06,,,nan,id-de4d6cab-7798-46cd-ae1b-328684681323,2022-12-12 16:28:44,ObjecttypeD,Objecttype D,EAPK_E7F4648E_AF2D_42d5_A524_700F87CC82B6,1.0,Proposed,,,,,1.0,
EAID_EF4E7B58_F178_4a4f_85C5_A5CD93747A36,,Data object,Debat_E,,2011-02-24 10:21:56,28062023-11:06:06,,,nan,id-ef4e7b58-f178-4a4f-85c5-a5cd93747a36,2022-12-12 16:28:44,ObjecttypeE,Objecttype E,EAPK_E7F4648E_AF2D_42d5_A524_700F87CC82B6,1.0,Proposed,,,,,1.0,
EAID_23D170D0_917E_4873_A622_43214405AB3D,,Data object,Debat_E,,2011-02-24 10:22:10,28062023-11:06:06,,,nan,id-23d170d0-917e-4873-a622-43214405ab3d,2022-12-12 16:28:44,ObjecttypeF,Objecttype F,EAPK_E7F4648E_AF2D_42d5_A524_700F87CC82B6,1.0,Proposed,,,,,1.0,
EAID_97EE5348_F06A_44cb_A792_7371CF5D2E53,,Data object,Debat_E,,2011-02-24 10:22:29,28062023-11:06:06,,,nan,id-97ee5348-f06a-44cb-a792-7371cf5d2e53,2022-12-12 16:28:44,ObjecttypeG,Objecttype G,EAPK_E7F4648E_AF2D_42d5_A524_700F87CC82B6,1.0,Proposed,,,,,1.0,
EAID_ECA02C0E_85B7_4e44_816C_E08092E01572,,,,,,,,,,,,DetailleringKadastraleOnroerendZaken,Detaillering Kadastrale onroerend zaken,EAPK_FE375C08_DD89_4175_B731_ED6E785C4B15,,,,,,,,
EAID_E34C7512_03C1_443a_8716_E05BBAB8E873,,,,,,,,,,,,OverigImgeo,Overig IMGeo,EAPK_FE375C08_DD89_4175_B731_ED6E785C4B15,,,,,,,,
EAID_ADF1BF4D_E0FD_4e77_ABED_27ECEBA4832C,,,,,,,,,,,,DetailleringAdressenGebouwenEnTerreinen,"Detaillering adressen, gebouwen en terreinen",EAPK_FE375C08_DD89_4175_B731_ED6E785C4B15,,,,,,,,
EAID_27E447C9_4FFB_41db_B91D_95332B9E2249,,,,,,,,,,,,DetailleringWOZObjecttypen,Detaillering WOZ-objecttypen,EAPK_FE375C08_DD89_4175_B731_ED6E785C4B15,,,,,,,,
EAID_168B0065_09F2_4af5_8440_32AF28E9A309,,,,,,,,,,,,DetailleringSubjecten,Detaillering subjecten,EAPK_FE375C08_DD89_4175_B731_ED6E785C4B15,,,,,,,,
EAID_F2DBE01F_7535_4f26_9DF2_081EF8632F36,,Business object,Arjen Brienen,,2019-09-17 16:00:33,28062023-11:06:06,Teraardebestelling onder verantwoordelijjkheid van de gemeente.,,nan,id-f2dbe01f-7535-4f26-9df2-081ef8632f36,2022-12-12 16:28:45,Gemeentebegrafenis,Gemeentebegrafenis,EAPK_C1AFCF43_8159_462b_9552_03F2EF070141,1.0,Proposed,,,,,1.0,
EAID_16F94A03_C376_4314_94AA_4DB14AD00EB9,,Business object,crossover,,2018-05-07 11:54:57,28062023-11:06:06,Te specifiek. AanvraagGemeentepas,,nan,id-16f94a03-c376-4314-94aa-4db14ad00eb9,2022-12-12 16:28:45,AanvraagDelftpas,AanvraagDelftpas,EAPK_B3B8C80B_FA8A_4058_8731_00B21A9EFE76,1.0,Proposed,,,,,1.0,
EAID_BE7C28C6_0922_4c6a_A953_3D598D991AB5,,Data object,aashkpour,,2021-12-15 14:49:37,28062023-11:06:06,,,nan,id-be7c28c6-0922-4c6a-a953-3d598d991ab5,2022-12-12 16:28:45,AOMAanvraagWMOJeugd,AOM_AanvraagWmoJeugd,EAPK_B3B8C80B_FA8A_4058_8731_00B21A9EFE76,1.0,Proposed,,,,,1.0,
EAID_0FA25A4F_DF7F_4feb_9460_19D054E874F8,,Data object,aashkpour,,2021-12-15 14:38:21,28062023-11:06:06,,,nan,id-0fa25a4f-df7f-4feb-9460-19d054e874f8,2022-12-12 16:28:45,AOMMeldingWMOJeugd,AOM_MeldingWmoJeugd,EAPK_B3B8C80B_FA8A_4058_8731_00B21A9EFE76,1.0,Proposed,,,,,1.0,
EAID_F110608E_9C6A_4d66_BDCB_F4B2465E3CFD,,Business object,Arjen Brienen,,2018-03-21 15:32:51,28062023-11:06:06,"Een stoornis of conditie ‚Äì lichamelijk, zintuiglijk en-of geestelijk ‚Äì die een normaal maatschappelijk functioneren belemmert en nadelige sociale gevolgen met zich meebrengt.",,nan,id-f110608e-9c6a-4d66-bdcb-f4b2465e3cfd,2022-12-12 16:28:45,Beperking,Beperking,EAPK_B3B8C80B_FA8A_4058_8731_00B21A9EFE76,1.0,Proposed,,,,,1.0,
EAID_4E835898_6623_457f_99B4_C688D465F720,,Data object,crossover,,2018-04-23 14:41:29,28062023-11:06:06,Een categorisering van beperkingen,,nan,id-4e835898-6623-457f-99b4-c688d465f720,2022-12-12 16:28:45,Beperkingscategorie,Beperkingscategorie,EAPK_B3B8C80B_FA8A_4058_8731_00B21A9EFE76,1.0,Proposed,,,,,1.0,
EAID_5EDE0349_8865_4b90_9A18_235C5AA660C4,,Business object,Arjen Brienen,,2018-03-21 15:33:15,28062023-11:06:06,Getalsmatige duiding van een beperking,,nan,id-5ede0349-8865-4b90-9a18-235c5aa660c4,2022-12-12 16:28:45,Beperkingscore,Beperkingscore,EAPK_B3B8C80B_FA8A_4058_8731_00B21A9EFE76,1.0,Proposed,,,,,1.0,
EAID_6B63630A_8A30_454d_B8C4_252D4C30A3BF,,Data object,crossover,,2018-04-23 14:41:43,28062023-11:06:06,Typering van beperkingscores,,nan,id-6b63630a-8a30-454d-b8c4-252d4c30a3bf,2022-12-12 16:28:45,Beperkingscoresoort,Beperkingscoresoort ,EAPK_B3B8C80B_FA8A_4058_8731_00B21A9EFE76,1.0,Proposed,,,,,1.0,
EAID_71D7E96D_641A_4b6a_A325_DED07C3B5836,,Business object,Arjen Brienen,,2018-04-23 16:56:03,28062023-11:06:06,"In het bestuursrecht: Een beslissing van een overheidsorgaan in een concreet geval, bijvoorbeeld het verlenen van een bouwvergunning. In het civiele recht: een rechterlijke uitspraak in een procedure die begint met een verzoekschrift.",,nan,id-71d7e96d-641a-4b6a-a325-ded07c3b5836,2022-12-12 16:28:45,Beschikking,Beschikking,EAPK_B3B8C80B_FA8A_4058_8731_00B21A9EFE76,1.0,Proposed,,,,,1.0,
EAID_FD14E04F_26A1_42ba_8E47_5F43AF539877,,Data object,Arjen Brienen,,2018-06-13 14:01:26,28062023-11:06:06,Typering van een beschikking,,nan,id-fd14e04f-26a1-42ba-8e47-5f43af539877,2022-12-12 16:28:46,Beschikkingsoort,Beschikkingsoort,EAPK_B3B8C80B_FA8A_4058_8731_00B21A9EFE76,1.0,Proposed,,,,,1.0,
EAID_975C3DA3_930A_49d8_B54F_2A560DC2AD5A,,Business object,Arjen Brienen,,2018-06-13 13:58:33,28062023-11:06:06,Een voorziening waarover een beschikking is gedaan.,,nan,id-975c3da3-930a-49d8-b54f-2a560dc2ad5a,2022-12-12 16:28:46,BeschikteVoorziening,Beschikte Voorziening,EAPK_B3B8C80B_FA8A_4058_8731_00B21A9EFE76,1.0,Proposed,,,,,1.0,
EAID_679162ED_0B45_4fb2_B16E_421C25A107F5,,Data object,Arjen Brienen,,2019-09-09 13:49:43,28062023-11:06:06,Overzicht van de te verwachte inkomsten en uitgaven over een bepaalde periode,,nan,id-679162ed-0b45-4fb2-b16e-421c25a107f5,2022-12-12 16:28:46,Budgetuitputting,Budgetuitputting,EAPK_B3B8C80B_FA8A_4058_8731_00B21A9EFE76,1.0,Proposed,,,,,1.0,
EAID_DAF09055_A5A6_4ff4_A158_21B20567B296,,Business object,Arjen Brienen,,2018-03-21 15:22:41,28062023-11:06:06,Een ingeschreven persoon die gebruik maakt van producten en diensten van de gemeente.,,nan,id-daf09055-a5a6-4ff4-a158-21b20567b296,2022-12-12 16:28:46,Client,Client,EAPK_B3B8C80B_FA8A_4058_8731_00B21A9EFE76,1.0,Proposed,,,,,1.0,
EAID_276E1BF9_E902_4303_A9E7_048627E0DC84,,Business object,Arjen Brienen,,2018-06-12 16:00:19,28062023-11:06:06,De persoon die verantwoordelijk is voor het opstellen en uitvoeren van het  ondersteuningsplan in samenwering met de client en personen uit zijn/haar omgeving .,,nan,id-276e1bf9-e902-4303-a9e7-048627e0dc84,2022-12-12 16:28:46,Clientbegeleider,Clientbegeleider,EAPK_B3B8C80B_FA8A_4058_8731_00B21A9EFE76,1.0,Proposed,,,,,1.0,
EAID_5E542F35_E413_49c4_8FB7_335B6BE9667A,,Business object,aashkpour,https://www.begrippenxl.nl/bv/nl/page/Declaratie,2021-11-15 14:24:21,28062023-11:06:06,Een opgave van te vergoeden kosten.,,nan,id-5e542f35-e413-49c4-8fb7-335b6be9667a,2022-12-12 16:28:46,Declaratie,Declaratie,EAPK_B3B8C80B_FA8A_4058_8731_00B21A9EFE76,1.0,Proposed,,,,,1.0,
EAID_F73F6BFE_9CFE_4497_80E3_CADAA344CF69,,Data object,Arjen Brienen,,2018-06-12 15:34:16,28062023-11:06:06,,,nan,id-f73f6bfe-9cfe-4497-80e3-cadaa344cf69,2022-12-12 16:28:46,Declaratieregel,Declaratieregel,EAPK_B3B8C80B_FA8A_4058_8731_00B21A9EFE76,1.0,Proposed,,,,,1.0,
EAID_810C273F_0A2B_4e68_A94B_46722FF9E19D,,Business object,crossover,,2018-05-07 11:53:42,28062023-11:06:06,"Te specifiek, voorstel ""gemeentepas""?",,nan,id-810c273f-0a2b-4e68-a94b-46722ff9e19d,2022-12-12 16:28:46,Delftpas,Delftpas,EAPK_B3B8C80B_FA8A_4058_8731_00B21A9EFE76,1.0,Proposed,,,,,1.0,
EAID_F0467610_553B_47cd_A9F7_3B1D20CC425E,,Business object,crossover,,2018-04-25 10:24:00,28062023-11:06:06,"persoon of groep personen die een huishouden voert waarbij sprake is van een onderlinge verbondenheid en continu√Øteit in de samenstelling ervan, die binnen een woning gebruik maakt van dezelfde voorzieningen",,nan,id-f0467610-553b-47cd-a9f7-3b1d20cc425e,2022-12-12 16:28:46,Huishouden,Huishouden,EAPK_B3B8C80B_FA8A_4058_8731_00B21A9EFE76,1.0,Proposed,,,,,1.0,
EAID_C55180D9_A5C3_4859_BD88_7686F5384157,,Business object,Arjen Brienen,,2018-05-23 15:34:35,28062023-11:06:06,Gebied waarin alle activiteiten van een inwoner zich kunnen afspelen,,nan,id-c55180d9-a5c3-4859-bd88-7686f5384157,2022-12-12 16:28:46,Leefgebied,Leefgebied,EAPK_B3B8C80B_FA8A_4058_8731_00B21A9EFE76,1.0,Proposed,,,,,1.0,
EAID_51A266C7_3BDA_457c_9A32_CD1B166CA5BF,,Data object,crossover,,2018-04-23 14:46:34,28062023-11:06:06,Een niet-natuurlijk persoon die een product of dienst levert aan de organisatie,,nan,id-51a266c7-3bda-457c-9a32-cd1b166ca5bf,2022-12-12 16:28:46,Leverancier,Leverancier,EAPK_B3B8C80B_FA8A_4058_8731_00B21A9EFE76,1.0,Proposed,,,,,1.0,
EAID_F0CE97B6_3004_4424_A0AA_5034BC0144D1,,Business object,crossover,,2018-04-23 14:46:17,28062023-11:06:06,"Levering van zorg door leverancier. Is in het geval van resultaatverplichting steeds: 1 stuk

In PxQ uren maal tarief",,nan,id-f0ce97b6-3004-4424-a0aa-5034bc0144d1,2022-12-12 16:28:46,Levering,Levering,EAPK_B3B8C80B_FA8A_4058_8731_00B21A9EFE76,1.0,Proposed,,,,,1.0,
EAID_F35DA519_FA0C_48ae_9EFC_C4EBEC4BF144,,Data object,crossover,,2018-04-23 16:43:06,28062023-11:06:06,"Een van de vormen waarin Wlz-zorg geleverd kan worden, namelijk verblijf in een instelling of zorg thuis via een Volledig Pakket Thuis (VPT) of een Modulair Pakket Thuis (MPT) als zorg in natura (ZIN), via een persoonsgebonden budget (pgb) of via een combinatie van pgb en MPT.",,nan,id-f35da519-fa0c-48ae-9efc-c4ebec4bf144,2022-12-12 16:28:46,Leveringsvorm,Leveringsvorm,EAPK_B3B8C80B_FA8A_4058_8731_00B21A9EFE76,1.0,Proposed,,,,,1.0,
EAID_A9D093FB_B3D1_46e5_B263_6C4D61F0C5D1,,Business object,Arjen Brienen,,2019-09-09 13:33:02,28062023-11:06:06,Aangifte van de evetuele eigen bijdrage,,nan,id-a9d093fb-b3d1-46e5-b263-6c4d61f0c5d1,2022-12-12 16:28:46,MeldingEigenBijdrage,Melding Eigen bijdrage,EAPK_B3B8C80B_FA8A_4058_8731_00B21A9EFE76,1.0,Proposed,,,,,1.0,
EAID_84FE9B56_158D_4b65_BCC1_5FE29D071FCC,,Data object,Arjen Brienen,,2019-09-09 13:42:53,28062023-11:06:06,"Betreft alleen toegekende voorzieningen met als leveringsvorm PGB
Opgebouwd op basis van het TKB (Toekenninsgbericht) aan het SVB, en het BAB-bericht (budgetafsluiting). zie: https://istandaarden.nl/istandaarden/ipgb 

 ",,nan,id-84fe9b56-158d-4b65-bcc1-5fe29d071fcc,2022-12-12 16:28:46,PGBToekenning,PGB-Toekenning,EAPK_B3B8C80B_FA8A_4058_8731_00B21A9EFE76,1.0,Proposed,,,,,1.0,
EAID_3DF01B79_6712_473e_9878_594CB5AE95A7,,Business object,Arjen Brienen,http://lod.duo.nl/term/Relatie,2018-05-23 15:53:42,28062023-11:06:06,"Betrekking waarin personen, zaken, begrippen of grootheden van nature tot elkaar staan.",,nan,id-3df01b79-6712-473e-9878-594cb5ae95a7,2022-12-12 16:28:46,Relatie,Relatie,EAPK_B3B8C80B_FA8A_4058_8731_00B21A9EFE76,1.0,Proposed,,,,,1.0,
EAID_F5FAF498_F536_4fb3_9948_73EBCDF61AD5,,Data object,Arjen Brienen,,2018-05-23 16:01:41,28062023-11:06:06,De typering van het structurele verband tussen een object van een objecttype en een (ander) object van een ander (of hetzelfde) objecttype.,,nan,id-f5faf498-f536-4fb3-9948-73ebcdf61ad5,2022-12-12 16:28:46,Relatiesoort,Relatiesoort,EAPK_B3B8C80B_FA8A_4058_8731_00B21A9EFE76,1.0,Proposed,,,,,1.0,
EAID_5A367DA9_DE05_4b3b_954D_24271FD4FB76,,Data object,Arjen Brienen,,2018-05-23 15:40:08,28062023-11:06:06,Het aantal behaalde punten,,nan,id-5a367da9-de05-4b3b-954d-24271fd4fb76,2022-12-12 16:28:46,Score,Score,EAPK_B3B8C80B_FA8A_4058_8731_00B21A9EFE76,1.0,Proposed,,,,,1.0,
EAID_653EA248_1547_4f8b_B026_B44FEEC711B2,,Data object,Arjen Brienen,,2018-05-23 15:34:03,28062023-11:06:06,Typologie van score,,nan,id-653ea248-1547-4f8b-b026-b44feec711b2,2022-12-12 16:28:46,Scoresoort,Scoresoort,EAPK_B3B8C80B_FA8A_4058_8731_00B21A9EFE76,1.0,Proposed,,,,,1.0,
EAID_484A326C_B5EC_4010_94F0_73B74AD494E8,,Business object,Arjen Brienen,,2018-06-13 14:13:52,28062023-11:06:06,Hoogte van een bedrag voor een bepaald product of dient,,nan,id-484a326c-b5ec-4010-94f0-73b74ad494e8,2022-12-12 16:28:46,Tarief,Tarief,EAPK_B3B8C80B_FA8A_4058_8731_00B21A9EFE76,1.0,Proposed,,,,,1.0,
EAID_57F01465_EE56_4c33_9BD9_8DB351A2C530,,Data object,Arjen Brienen,,2018-06-13 14:26:29,28062023-11:06:06,Hoogte van een bedrag voor een bepaald product of dient,,nan,id-57f01465-ee56-4c33-9bd9-8db351a2c530,2022-12-12 16:28:46,Tarief,Tarief,EAPK_B3B8C80B_FA8A_4058_8731_00B21A9EFE76,1.0,Proposed,,,,,1.0,
EAID_909A4134_4697_481e_9110_6386D0F6CAAD,,Business object,Arjen Brienen,,2018-06-13 11:54:40,28062023-11:06:06,"Een groep personen die door middel van samenwerking een gezamenlijk doel nastreeft, waarbij de teamleden afhankelijk van elkaar zijn om het doel te bereiken.",,nan,id-909a4134-4697-481e-9110-6386d0f6caad,2022-12-12 16:28:46,Team,Team,EAPK_B3B8C80B_FA8A_4058_8731_00B21A9EFE76,1.0,Proposed,,,,,1.0,
EAID_01ECE551_A7B0_4b99_B6E7_F654D6AC15D5,,Business object,Arjen Brienen,,2018-04-23 16:56:03,28062023-11:06:06,Toewijzing die door gemeente aan zorgaanbieder wordt gestuurd. zie https://informatiemodel.istandaarden.nl/2019/views/view_274300.html ,,nan,id-01ece551-a7b0-4b99-b6e7-f654d6ac15d5,2022-12-12 16:28:46,Toewijzing,Toewijzing,EAPK_B3B8C80B_FA8A_4058_8731_00B21A9EFE76,1.0,Proposed,,,,,1.0,
EAID_9F392B0B_1654_4b4e_9261_F0A90DA1F7BD,,Data object,Arjen Brienen,,2019-09-09 11:59:36,28062023-11:06:06,"Verzoek tot toewijzing dat vanuit leverancier (via H10-portal) aan de gemeente wordt gestuurd. Zie https://informatiemodel.istandaarden.nl/2019/views/view_274300.html

 ",,nan,id-9f392b0b-1654-4b4e-9261-f0a90da1f7bd,2022-12-12 16:28:46,VerzoekOmToewijzing,Verzoek om Toewijzing,EAPK_B3B8C80B_FA8A_4058_8731_00B21A9EFE76,1.0,Proposed,,,,,1.0,
EAID_EAAF2F59_6BC0_4243_B126_A8E604B32C5E,,Business object,Arjen Brienen,,2018-04-23 16:56:03,28062023-11:06:06,Middel om services/maatregelen in te vullen.,,nan,id-eaaf2f59-6bc0-4243-b126-a8e604b32c5e,2022-12-12 16:28:46,Voorziening,Voorziening,EAPK_B3B8C80B_FA8A_4058_8731_00B21A9EFE76,1.0,Proposed,,,,,1.0,
EAID_462E3982_56C3_4442_BE2F_2C23A7ED6015,,Data object,Arjen Brienen,,2018-06-13 14:31:08,28062023-11:06:06,Typering van een voorziening,,nan,id-462e3982-56c3-4442-be2f-2c23a7ed6015,2022-12-12 16:28:46,Voorzieningsoort,Voorzieningsoort,EAPK_B3B8C80B_FA8A_4058_8731_00B21A9EFE76,1.0,Proposed,,,,,1.0,
EAID_6C27D3D1_FBCE_4504_AF1E_48B4A4CB02EA,,Data object,Arjen Brienen,,2018-05-23 15:20:43,28062023-11:06:06,Een geordend systeem waarbij aan elf domeinen van het dagelijks leven (zoals inkomen en dagbesteding; zie figuur) een waarde voor zelfredzaamheid wordt toegekend.,,nan,id-6c27d3d1-fbce-4504-af1e-48b4a4cb02ea,2022-12-12 16:28:46,ZelfredzaamheidMatrix,Zelfredzaamheidmatrix,EAPK_B3B8C80B_FA8A_4058_8731_00B21A9EFE76,1.0,Proposed,,,,,1.0,
EAID_5CC59215_5A63_4ef8_9D64_C4FAC0619121,,Data object,Arjen Brienen,,2018-06-13 13:31:03,28062023-11:06:06,Verhouding in inkomsten en uitgaven van een persoon of bedrijf,,nan,id-5cc59215-5a63-4ef8-9d64-c4fac0619121,2022-12-12 16:28:47,FinancieleSituatie,Financiele Situatie,EAPK_06C51790_1F81_4ac4_8E16_5177352EF2E1,1.0,Proposed,,,,,1.0,
EAID_9748A1E1_0B37_493d_B294_ED6CDE4C8DE9,,Data object,Arjen Brienen,,2018-06-13 12:09:59,28062023-11:06:06,,,nan,id-9748a1e1-0b37-493d-b294-ed6cde4c8de9,2022-12-12 16:28:47,NotarieleStatus,Notariele Status,EAPK_06C51790_1F81_4ac4_8E16_5177352EF2E1,1.0,Proposed,,,,,1.0,
EAID_4D1988C7_D607_4b9a_9F53_0FFBBA15BFC9,,Data object,Arjen Brienen,,2018-06-13 12:08:58,28062023-11:06:06,"Geheel van activiteiten uitgevoerd in een tijdelijk samenwerkingsverband gericht op het binnen bepaalde randvoorwaarden (bv. tijd, geld) bereiken van een vooraf gedefinieerd resultaat.",,nan,id-4d1988c7-d607-4b9a-9f53-0ffbba15bfc9,2022-12-12 16:28:47,Project,Project,EAPK_06C51790_1F81_4ac4_8E16_5177352EF2E1,1.0,Proposed,,,,,1.0,
EAID_4FCF75CC_8296_4b32_BD5E_EC3DEDF17470,,Data object,Arjen Brienen,,2018-06-13 12:15:42,28062023-11:06:06,Typering van een project,,nan,id-4fcf75cc-8296-4b32-bd5e-ec3dedf17470,2022-12-12 16:28:47,Projectsoort,Projectsoort,EAPK_06C51790_1F81_4ac4_8E16_5177352EF2E1,1.0,Proposed,,,,,1.0,
EAID_253EF837_860B_438e_9157_6E1E07CB6F68,,Data object,Arjen Brienen,,2018-06-13 12:11:11,28062023-11:06:06,"De uitkomst van iets, bijvoorbeeld een berekening of een onderzoek. een gevolg. ",,nan,id-253ef837-860b-438e-9157-6e1e07cb6f68,2022-12-12 16:28:47,Resultaat,Resultaat,EAPK_06C51790_1F81_4ac4_8E16_5177352EF2E1,1.0,Proposed,,,,,1.0,
EAID_92AEBE85_975F_482b_83A1_EFB9EDA4557A,,Data object,Arjen Brienen,,2018-06-13 12:18:28,28062023-11:06:06,Typering van een resultaat,,nan,id-92aebe85-975f-482b-83a1-efb9eda4557a,2022-12-12 16:28:47,Resultaatsoort,Resultaatsoort,EAPK_06C51790_1F81_4ac4_8E16_5177352EF2E1,1.0,Proposed,,,,,1.0,
EAID_839017B2_0F95_42d0_AB2B_E873636340DA,,Data object,Arjen Brienen,,2018-06-13 12:09:16,28062023-11:06:06,"Samenstel van achtereenvolgens uit te voeren en onderling samenhangende deelhandelingen of van opeenvolgende stadia in een proces, voorgesteld als een route die via opeenvolgende bestemmingen naar de eindbestemming voert.",,nan,id-839017b2-0f95-42d0-ab2b-e873636340da,2022-12-12 16:28:47,Traject,Traject,EAPK_06C51790_1F81_4ac4_8E16_5177352EF2E1,1.0,Proposed,,,,,1.0,
EAID_42D33289_422A_4d94_BE6B_44B34CC230B5,,Data object,Arjen Brienen,,2018-06-13 12:11:45,28062023-11:06:06,Motivatie voor uitstroom,,nan,id-42d33289-422a-4d94-be6b-44b34cc230b5,2022-12-12 16:28:47,Uitstroomreden,Uitstroomreden,EAPK_06C51790_1F81_4ac4_8E16_5177352EF2E1,1.0,Proposed,,,,,1.0,
EAID_00D4F259_1598_4817_AA3E_B38B6B156D20,,Data object,Arjen Brienen,,2018-06-13 13:28:44,28062023-11:06:06,Typering van een uitstroomreden,,nan,id-00d4f259-1598-4817-aa3e-b38b6b156d20,2022-12-12 16:28:47,Uitstroomredensoort,Uitstroomredensoort,EAPK_06C51790_1F81_4ac4_8E16_5177352EF2E1,1.0,Proposed,,,,,1.0,
EAID_1B8CF61F_3039_4fc5_A57D_B758170FCA0E,,Business object,Arjen Brienen,,2018-06-13 10:19:13,28062023-11:06:06,Een verzameling van interventies om bepaalde behandeldoelen te bewerkstelligen.,,nan,id-1b8cf61f-3039-4fc5-a57d-b758170fca0e,2022-12-12 16:28:48,Behandeling,Behandeling,EAPK_B93820C2_4C34_485a_BECB_491B510CA4AE,1.0,Proposed,,,,,1.0,
EAID_4F518962_5EA3_4f56_8379_3A835FFE84CA,,Data object,Arjen Brienen,,2018-06-13 09:55:13,28062023-11:06:06,Typering van een behandeling,,nan,id-4f518962-5ea3-4f56-8379-3a835ffe84ca,2022-12-12 16:28:48,Behandelsoort,Behandelsoort,EAPK_B93820C2_4C34_485a_BECB_491B510CA4AE,1.0,Proposed,,,,,1.0,
EAID_77A962E5_889A_4af6_ADFD_37C3EE8C48F0,,Business object,Arjen Brienen,,2018-06-13 09:53:29,28062023-11:06:06,Kenmerkende eigenschap,,nan,id-77a962e5-889a-4af6-adfd-37c3ee8c48f0,2022-12-12 16:28:48,Bijzonderheid,Bijzonderheid,EAPK_B93820C2_4C34_485a_BECB_491B510CA4AE,1.0,Proposed,,,,,1.0,
EAID_03BB6341_7C3E_4a4b_9207_6A2EB9D116FE,,Data object,Arjen Brienen,,2018-06-13 10:17:52,28062023-11:06:06,Typering van een bijzonderheid,,nan,id-03bb6341-7c3e-4a4b-9207-6a2eb9d116fe,2022-12-12 16:28:48,Bijzonderheidsoort,Bijzonderheidsoort,EAPK_B93820C2_4C34_485a_BECB_491B510CA4AE,1.0,Proposed,,,,,1.0,
EAID_294E3981_C1EF_451e_AE2B_758EC4E4B284,,Data object,Arjen Brienen,,2018-06-13 09:53:06,28062023-11:06:06,Verzoek tot toelating,,nan,id-294e3981-c1ef-451e-ae2b-758ec4e4b284,2022-12-12 16:28:48,Caseaanmelding,Caseaanmelding,EAPK_B93820C2_4C34_485a_BECB_491B510CA4AE,1.0,Proposed,,,,,1.0,
EAID_28C572B5_C147_4b99_B920_00062C843FDE,,Business object,Arjen Brienen,,2018-06-13 09:54:57,28062023-11:06:06,Een op korte of middellange termijn nagestreefde situatie,,nan,id-28c572b5-c147-4b99-b920-00062c843fde,2022-12-12 16:28:48,Doelstelling,Doelstelling,EAPK_B93820C2_4C34_485a_BECB_491B510CA4AE,1.0,Proposed,,,,,1.0,
EAID_79A14AF2_F1F9_43a3_914B_FD04CB609F44,,Data object,Arjen Brienen,,2018-06-13 10:16:13,28062023-11:06:06,Typering van een doelstellig,,nan,id-79a14af2-f1f9-43a3-914b-fd04cb609f44,2022-12-12 16:28:48,Doelstellingsoort,Doelstellingsoort,EAPK_B93820C2_4C34_485a_BECB_491B510CA4AE,1.0,Proposed,,,,,1.0,
EAID_A22B8038_3C04_44a7_8E75_90A3A5E2615B,,Data object,Arjen Brienen,,2018-05-23 15:28:57,28062023-11:06:06,,,nan,id-a22b8038-3c04-44a7-8e75-90a3a5e2615b,2022-12-12 16:28:48,SociaalteamDossier,SociaalTeamDossier,EAPK_B93820C2_4C34_485a_BECB_491B510CA4AE,1.0,Proposed,,,,,1.0,
EAID_E81990BA_1B6E_4e2a_9910_1E02CDDD53A6,,Data object,Arjen Brienen,,2018-06-13 09:52:37,28062023-11:06:06,,,nan,id-e81990ba-1b6e-4e2a-9910-1e02cddd53a6,2022-12-12 16:28:48,SociaalteamDossiersoort,SociaalTeamDossierSoort,EAPK_B93820C2_4C34_485a_BECB_491B510CA4AE,1.0,Proposed,,,,,1.0,
EAID_F4FD02F2_9FFA_4a35_BA32_B4CDE4002E7A,,Data object,aashkpour,,2022-06-08 14:19:54,28062023-11:06:06,,,nan,id-f4fd02f2-9ffa-4a35-ba32-b4cde4002e7a,2022-12-12 16:28:48,Component,Component,EAPK_740B2501_676F_4219_B57D_3C012B1AFC02,1.0,Proposed,,,,,1.0,
EAID_3372192D_4773_46b2_BDA5_C98B220F8954,,Data object,aashkpour,,2022-06-08 14:20:08,28062023-11:06:06,,,nan,id-3372192d-4773-46b2-bda5-c98b220f8954,2022-12-12 16:28:48,Componentsoort,ComponentSoort,EAPK_740B2501_676F_4219_B57D_3C012B1AFC02,1.0,Proposed,,,,,1.0,
EAID_4E2B16CA_093A_40b8_B7F8_AD90D7D396A7,,Business object,Arjen Brienen,,2018-06-13 10:54:14,28062023-11:06:06,"Een groep mensen of klanten die een bedrijf of organisatie wil benaderen om een product, dienst of informatie onder de aandacht te brengen",,nan,id-4e2b16ca-093a-40b8-b7f8-ad90d7d396a7,2022-12-12 16:28:48,Doelgroep,Doelgroep,EAPK_740B2501_676F_4219_B57D_3C012B1AFC02,1.0,Proposed,,,,,1.0,
EAID_096E692B_4810_4571_9A51_DDDEDA13F4BF,,Business object,crossover,,2018-04-23 11:59:42,28062023-11:06:06,Gegevens met betrekking tot fraude,,nan,id-096e692b-4810-4571-9a51-dddeda13f4bf,2022-12-12 16:28:48,Fraudegegevens,Fraudegegevens,EAPK_740B2501_676F_4219_B57D_3C012B1AFC02,1.0,Proposed,,,,,1.0,
EAID_2D35FBDB_0399_4439_B454_25E1A4FB0279,,Data object,Arjen Brienen,,2018-05-22 16:16:41,28062023-11:06:06,Typering van een fraude,,nan,id-2d35fbdb-0399-4439-b454-25e1a4fb0279,2022-12-12 16:28:48,Fraudesoort,Fraudesoort,EAPK_740B2501_676F_4219_B57D_3C012B1AFC02,1.0,Proposed,,,,,1.0,
EAID_A0F8E790_518A_4717_88C2_1143DE9F944A,,Data object,Arjen Brienen,,2019-09-10 15:28:20,28062023-11:06:06,Informatie met betrekking tot dakloosheid,,nan,id-a0f8e790-518a-4717-88c2-1143de9f944a,2022-12-12 16:28:48,InformatieDakloosheid,Informatie Dakloosheid,EAPK_740B2501_676F_4219_B57D_3C012B1AFC02,1.0,Proposed,,,,,1.0,
EAID_07784236_3AA6_45e5_8253_7D088C4020B0,,Business object,crossover,,2018-04-23 11:53:14,28062023-11:06:06,Een regeling die zorg draag voor een inkomen confom de landelijke wetgeving,,nan,id-07784236-3aa6-45e5-8253-7d088c4020b0,2022-12-12 16:28:48,Inkomensvoorziening,Inkomensvoorziening,EAPK_740B2501_676F_4219_B57D_3C012B1AFC02,1.0,Proposed,,,,,1.0,
EAID_AF18E7D3_279D_4323_B785_6C75B4701430,,Data object,crossover,,2018-04-23 11:53:23,28062023-11:06:06,Typering van een inkomensvoorziening,,nan,id-af18e7d3-279d-4323-b785-6c75b4701430,2022-12-12 16:28:48,Inkomensvoorzieningsoort,Inkomensvoorzieningsoort,EAPK_740B2501_676F_4219_B57D_3C012B1AFC02,1.0,Proposed,,,,,1.0,
EAID_F1DA83DA_4F56_408c_B2C4_AB6AF02E37B4,,Business object,aashkpour,,2021-06-28 14:25:38,28062023-11:06:06,Overzicht van alle informatie over integratie en participatie betreffende een inwoner,,nan,id-f1da83da-4f56-408c-b2c4-ab6af02e37b4,2022-12-12 16:28:48,Participatiedossier,Participatiedossier,EAPK_740B2501_676F_4219_B57D_3C012B1AFC02,1.0,Proposed,,,,,1.0,
EAID_FF79699B_F356_4168_875F_B4D0266789EE,,Data object,Arjen Brienen,,2018-06-13 11:10:14,28062023-11:06:06,argumentatie voor stopzetting,,nan,id-ff79699b-f356-4168-875f-b4d0266789ee,2022-12-12 16:28:48,RedenBeeindiging,Reden Beeindiging,EAPK_740B2501_676F_4219_B57D_3C012B1AFC02,1.0,Proposed,,,,,1.0,
EAID_C25455F3_FEB0_4c6d_9AA4_3B027718BEE3,,Business object,crossover,https://www.begrippenxl.nl/dso/nl/page/Regeling,2018-04-23 11:56:16,28062023-11:06:06,"Verzamelnaam voor AMvB‚Äôs, Ministeri√´le regelingen, lokale verordeningen, etc. De regeling is de meest concrete uitleg van de wet. ",,nan,id-c25455f3-feb0-4c6d-9aa4-3b027718bee3,2022-12-12 16:28:48,Regeling,Regeling,EAPK_740B2501_676F_4219_B57D_3C012B1AFC02,1.0,Proposed,,,,,1.0,
EAID_14D3C960_5EF2_433c_8E1C_B493974280E2,,Data object,crossover,,2018-04-23 11:56:27,28062023-11:06:06,Typologie van een regeling,,nan,id-14d3c960-5ef2-433c-8e1c-b493974280e2,2022-12-12 16:28:48,Regelingsoort,Regelingsoort,EAPK_740B2501_676F_4219_B57D_3C012B1AFC02,1.0,Proposed,,,,,1.0,
EAID_74DF3CC8_5890_4e02_9B11_57FF82F26EA4,,Data object,Arjen Brienen,,2018-06-13 11:06:05,28062023-11:06:06,Het duiden van bepaald gebruik en begrijpelijkheid van een taal. Het is er om verschil in taalvaardigheid te kunnen meten.,,nan,id-74df3cc8-5890-4e02-9b11-57ff82f26ea4,2022-12-12 16:28:48,Taalniveau,Taalniveau,EAPK_740B2501_676F_4219_B57D_3C012B1AFC02,1.0,Proposed,,,,,1.0,
EAID_B3F6F6D2_5054_484d_A0C4_A95EF6FA5AD2,,Business object,Arjen Brienen,,2018-06-13 11:40:11,28062023-11:06:06,Verplichting die tegenover een prestatie staat,,nan,id-b3f6f6d2-5054-484d-a0c4-a95ef6fa5ad2,2022-12-12 16:28:48,Tegenprestatie,Tegenprestatie,EAPK_740B2501_676F_4219_B57D_3C012B1AFC02,1.0,Proposed,,,,,1.0,
EAID_7A514B8D_7161_4334_8202_41DD00A65E8A,,Data object,Arjen Brienen,,2018-06-13 11:45:57,28062023-11:06:06,De hoogte van de tegenprestatie,,nan,id-7a514b8d-7161-4334-8202-41dd00a65e8a,2022-12-12 16:28:48,TegenprestatieHoogte,Tegenprestatiehoogte,EAPK_740B2501_676F_4219_B57D_3C012B1AFC02,1.0,Proposed,,,,,1.0,
EAID_AB20D9F3_FBEB_4d10_A8A5_429F0AB8432F,,Business object,Arjen Brienen,https://www.ensie.nl/anw/traject,2018-05-22 15:53:14,28062023-11:06:06,"Samenstel van achtereenvolgens uit te voeren en onderling samenhangende deelhandelingen of van opeenvolgende stadia in een proces, voorgesteld als een route die via opeenvolgende bestemmingen naar de eindbestemming voert.",,nan,id-ab20d9f3-fbeb-4d10-a8a5-429f0ab8432f,2022-12-12 16:28:48,Traject,Traject,EAPK_740B2501_676F_4219_B57D_3C012B1AFC02,1.0,Proposed,,,,,1.0,
EAID_C84E20C3_9FE5_49bf_AFE2_C5A868F2D7D5,,Data object,Arjen Brienen,,2018-05-22 15:52:57,28062023-11:06:06,,,nan,id-c84e20c3-9fe5-49bf-afe2-c5a868f2d7d5,2022-12-12 16:28:48,TrajectActiviteit,TrajectActiviteit,EAPK_740B2501_676F_4219_B57D_3C012B1AFC02,1.0,Proposed,,,,,1.0,
EAID_3AB13A36_82B9_401d_9FBD_67D8EB7312C8,,Data object,Arjen Brienen,,2018-05-22 15:52:30,28062023-11:06:06,,,nan,id-3ab13a36-82b9-401d-9fbd-67d8eb7312c8,2022-12-12 16:28:48,TrajectActiviteitsoort,TrajectActiviteitsoort,EAPK_740B2501_676F_4219_B57D_3C012B1AFC02,1.0,Proposed,,,,,1.0,
EAID_65B605C4_8F44_4447_BA76_B3070B1EBCBD,,Data object,Arjen Brienen,,2018-05-22 15:53:44,28062023-11:06:06,,,nan,id-65b605c4-8f44-4447-ba76-b3070b1ebcbd,2022-12-12 16:28:48,Trajectsoort,Trajectsoort,EAPK_740B2501_676F_4219_B57D_3C012B1AFC02,1.0,Proposed,,,,,1.0,
EAID_F787184D_3AA8_4132_96C4_23A363C3C1B7,,Data object,aashkpour,,2022-06-08 14:20:23,28062023-11:06:06,,,nan,id-f787184d-3aa8-4132-96c4-23a363c3c1b7,2022-12-12 16:28:48,Uitkeringsrun,UitkeringsRun,EAPK_740B2501_676F_4219_B57D_3C012B1AFC02,1.0,Proposed,,,,,1.0,
EAID_6C283ABA_C1A3_465b_B267_39E75D06E41F,,Business object,Arjen Brienen,,2019-02-13 15:52:28,28062023-11:06:06,Leverancier of dienstverlener van modiele beldiensten,,nan,id-6c283aba-c1a3-465b-b267-39e75d06e41f,2022-12-12 16:28:49,Belprovider,Belprovider,EAPK_13EDB396_DEDA_41f8_B4D8_68EBB2D5EF64,1.0,Proposed,,,,,1.0,
EAID_4EA4D754_FAD7_4caf_8060_342689EC16FE,,Data object,Arjen Brienen,,2019-02-18 14:18:39,28062023-11:06:06,,,nan,id-4ea4d754-fad7-4caf-8060-342689ec16fe,2022-12-12 16:28:49,MulderFeit,Mulder Feit,EAPK_13EDB396_DEDA_41f8_B4D8_68EBB2D5EF64,1.0,Proposed,,,,,1.0,
EAID_4957AC99_3F36_4959_A210_9EC6759B87F8,,Business object,Arjen Brienen,,2019-02-13 16:05:29,28062023-11:06:06,Het achteraf vorderen van te weinig betaalde belasting ,,nan,id-4957ac99-3f36-4959-a210-9ec6759b87f8,2022-12-12 16:28:49,Naheffing,Naheffing,EAPK_13EDB396_DEDA_41f8_B4D8_68EBB2D5EF64,1.0,Proposed,,Navordering,,,1.0,
EAID_8F492648_6EF2_4f8a_87C9_2440230D4137,,Business object,Arjen Brienen,https://begrippen.geostandaarden.nl/sor/nl/page/parkeergarage,2019-02-14 16:11:43,28062023-11:06:06,Open constructie die geheel of gedeeltelijk in gebruik is als voorziening voor het parkeren van voertuigen,,nan,id-8f492648-6ef2-4f8a-87c9-2440230d4137,2022-12-12 16:28:49,Parkeergarage,Parkeergarage,EAPK_13EDB396_DEDA_41f8_B4D8_68EBB2D5EF64,1.0,Proposed,,,,,1.0,
EAID_9E0936E5_6B50_4205_BA5D_FEB80486D6F1,,Business object,Arjen Brienen,https://www.gebiedseconomie.nl/content/p/parkeerrecht,2019-02-13 14:32:45,28062023-11:06:06,Het onder bepaalde voorwaarden (zoals betaling parkeerbelasting of parkeergeld) ontstane recht om een voertuig gedurende een bepaalde of onbepaalde periode op een daartoe benoemde parkeerplaats of in/op een daartoe benoemde parkeervoorziening te parkeren.,,nan,id-9e0936e5-6b50-4205-ba5d-feb80486d6f1,2022-12-12 16:28:49,Parkeerrecht,Parkeerrecht,EAPK_13EDB396_DEDA_41f8_B4D8_68EBB2D5EF64,1.0,Proposed,,,,,1.0,
EAID_653EEEA7_ED82_427d_BD72_86C847793AD6,,Business object,Arjen Brienen,,2019-02-13 14:50:52,28062023-11:06:06,Waarneming van een parkeeractie door een scanauto,,nan,id-653eeea7-ed82-427d-bd72-86c847793ad6,2022-12-12 16:28:49,Parkeerscan,Parkeerscan,EAPK_13EDB396_DEDA_41f8_B4D8_68EBB2D5EF64,1.0,Proposed,,,,,1.0,
EAID_FF448272_AB9D_4ec9_B4BE_E60E2552817A,,Business object,Arjen Brienen,,2018-03-21 11:47:02,28062023-11:06:06,Offici√´le toestemming dat je op een bepaalde plek mag parkeren,,nan,id-ff448272-ab9d-4ec9-b4be-e60e2552817a,2022-12-12 16:28:49,Parkeervergunning,Parkeervergunning,EAPK_13EDB396_DEDA_41f8_B4D8_68EBB2D5EF64,1.0,Proposed,,,,,1.0,
EAID_5E5C58AD_1634_4656_A183_EBA00F18F30E,,Business object,Arjen Brienen,https://begrippen.geostandaarden.nl/sor/nl/page/parkeervlak,2019-02-13 14:43:35,28062023-11:06:06,Parkeergelegenheid bestemd voor het parkeren van √©√©n of meerdere voertuigen direct langs de doorgaande weg gelegen.,,nan,id-5e5c58ad-1634-4656-a183-eba00f18f30e,2022-12-12 16:28:49,Parkeervlak,Parkeervlak,EAPK_13EDB396_DEDA_41f8_B4D8_68EBB2D5EF64,1.0,Proposed,,,,,1.0,
EAID_27219A32_3B52_4f54_AA67_A972F4B7D9D0,,Data object,Arjen Brienen,,2019-02-13 14:33:20,28062023-11:06:06,,,nan,id-27219a32-3b52-4f54-aa67-a972f4b7d9d0,2022-12-12 16:28:49,Perkeerzone,Perkeerzone,EAPK_13EDB396_DEDA_41f8_B4D8_68EBB2D5EF64,1.0,Proposed,,,,,1.0,
EAID_209ACADD_34C7_4dc8_90AD_C6B3E092FBFD,,Data object,Arjen Brienen,,2019-02-14 14:26:09,28062023-11:06:06,Groepering van producten,,nan,id-209acadd-34c7-4dc8-90ad-c6b3e092fbfd,2022-12-12 16:28:49,Productgroep,Productgroep,EAPK_13EDB396_DEDA_41f8_B4D8_68EBB2D5EF64,1.0,Proposed,,,,,1.0,
EAID_1CB4051D_B78A_48f0_AE3E_A98D997A5612,,Data object,Arjen Brienen,,2019-02-14 15:08:29,28062023-11:06:06,Typologie van een product,,nan,id-1cb4051d-b78a-48f0-ae3e-a98d997a5612,2022-12-12 16:28:49,Productsoort,Productsoort,EAPK_13EDB396_DEDA_41f8_B4D8_68EBB2D5EF64,1.0,Proposed,,,,,1.0,
EAID_339ACCD5_1D13_4a48_83DE_05A0A4A54C43,,Data object,Arjen Brienen,,2019-02-13 14:46:01,28062023-11:06:06,Gedeelte van een straat,,nan,id-339accd5-1d13-4a48-83de-05a0a4a54c43,2022-12-12 16:28:49,Straatsectie,Straatsectie,EAPK_13EDB396_DEDA_41f8_B4D8_68EBB2D5EF64,1.0,Proposed,,,,,1.0,
EAID_6AD98160_FFE6_4105_A724_5D5733C87CD8,,Business object,Arjen Brienen,,2019-02-13 14:31:44,28062023-11:06:06,Vervoermiddel bestemd voor het verkeer over wegen,,nan,id-6ad98160-ffe6-4105-a724-5d5733c87cd8,2022-12-12 16:28:49,Voertuig,Voertuig,EAPK_13EDB396_DEDA_41f8_B4D8_68EBB2D5EF64,1.0,Proposed,,,,,1.0,
EAID_999725EE_737F_410e_906B_9865EBED3597,,Business object,Arjen Brienen,,2018-11-12 14:25:17,28062023-11:06:06,Situatie waarbij de doorstroming van het (vaar)wegverkeer plaatselijk is geblokkeerd als gevolg van een incident,,nan,id-999725ee-737f-410e-906b-9865ebed3597,2022-12-12 16:28:49,Stremming,Stremming,EAPK_13DD932C_4F69_4c62_B2D5_6676B5E5E24A,1.0,Proposed,,,,,1.0,
EAID_E2448A6D_3AE0_4884_AD5C_215A9E7166DE,,Data object,Arjen Brienen,,2018-11-21 10:32:27,28062023-11:06:06,Dag waarop op wegen gestrooid wordt ter voorkoming van gladheid,,nan,id-e2448a6d-3ae0-4884-ad5c-215a9e7166de,2022-12-12 16:28:49,Strooidag,Strooidag,EAPK_13DD932C_4F69_4c62_B2D5_6676B5E5E24A,1.0,Proposed,,,,,1.0,
EAID_73090FF8_12FD_471e_80FD_DBFB2FF97D7B,,Business object,Arjen Brienen,,2018-11-21 10:31:32,28062023-11:06:06,Traject waarop het strooien plaatsvindt,,nan,id-73090ff8-12fd-471e-80fd-dbfb2ff97d7b,2022-12-12 16:28:49,Strooiroute,Strooiroute,EAPK_13DD932C_4F69_4c62_B2D5_6676B5E5E24A,1.0,Proposed,,,,,1.0,
EAID_B825D33A_6DCE_4263_A031_E6E92C4EE86B,,Data object,Arjen Brienen,,2018-11-21 10:32:13,28062023-11:06:06,De route die uiteindelijk is gevolgd voor het strooien ,,nan,id-b825d33a-6dce-4263-a031-e6e92c4ee86b,2022-12-12 16:28:49,StrooirouteUitvoering,Strooiroute Uitvoering,EAPK_13DD932C_4F69_4c62_B2D5_6676B5E5E24A,1.0,Proposed,,,,,1.0,
EAID_E4EEBD4D_A41E_4c9d_8099_CDA45BFF0056,,Data object,Arjen Brienen,,2018-11-21 13:24:06,28062023-11:06:06,V-log is een open standaard voor datalogging van een verkeersregelinstallatie.,,nan,id-e4eebd4d-a41e-4c9d-8099-cda45bff0056,2022-12-12 16:28:49,VLogInfo,V-Log-Info,EAPK_13DD932C_4F69_4c62_B2D5_6676B5E5E24A,1.0,Proposed,,,,,1.0,
EAID_3F83DAA3_C37F_42b2_8D35_D75B840172F8,,Business object,Arjen Brienen,https://nl.wikipedia.org/wiki/Verkeersbesluit,2019-03-06 14:05:18,28062023-11:06:06,"Een besluit van een wegbeheerder om een bepaald verkeersteken te plaatsen, te wijzigen of in te trekken of een bepaalde fysieke maatregel te treffen. ",,nan,id-3f83daa3-c37f-42b2-8d35-d75b840172f8,2022-12-12 16:28:49,Verkeersbesluit,Verkeersbesluit,EAPK_13DD932C_4F69_4c62_B2D5_6676B5E5E24A,1.0,Proposed,,,,,1.0,
EAID_DBE739FD_EBC4_4650_8A2B_714294A63A73,,Business object,Arjen Brienen,,2018-11-21 13:11:36,28062023-11:06:06,"Een onderzoek om inzicht te krijgen in het verkeer, in de hoeveelheid verkeer, de verdeling en de gereden snelheid.",,nan,id-dbe739fd-ebc4-4650-8a2b-714294a63a73,2022-12-12 16:28:49,Verkeerstelling,Verkeerstelling,EAPK_13DD932C_4F69_4c62_B2D5_6676B5E5E24A,1.0,Proposed,,,,,1.0,
